%	Date:	2010-12-15	Time:	15:01:28
%	Sampling frequency		[Hz]:	204800
%	Generator amplitude		[V]:	2.0000
%	Settle time		[s]:	0.025000
%	Settle cycles:			5
%	Integration time		[s]:	0.025000
%	Integration cycles:			5
% Freq.	Amplitude	Phase	THD	HD 2	HD 3	HD 4	HD 5
% [Hz]	[dB]	[deg]	[%]	[dB ref fund]	[dB ref fund]	[dB ref fund]	[dB ref fund]
2.0000E+1	-1.5297E+1	1.0655E+0	3.3635E-3	-9.0054E+1	-9.9041E+1	-1.0923E+2	-1.1159E+2
2.1445E+1	-1.5296E+1	9.8840E-1	1.0020E-3	-1.0695E+2	-1.0164E+2	-1.1201E+2	-1.1275E+2
2.2995E+1	-1.5296E+1	9.1567E-1	1.2453E-2	-7.8121E+1	-1.0083E+2	-1.1271E+2	-1.1156E+2
2.4657E+1	-1.5295E+1	8.4719E-1	1.8722E-2	-7.4565E+1	-1.0087E+2	-1.1022E+2	-1.1319E+2
2.6439E+1	-1.5295E+1	7.8245E-1	1.4853E-2	-7.6578E+1	-1.0203E+2	-1.1958E+2	-1.1183E+2
2.8349E+1	-1.5295E+1	7.2136E-1	5.6489E-3	-8.5089E+1	-1.0146E+2	-1.1595E+2	-1.0715E+2
3.0398E+1	-1.5294E+1	6.6366E-1	5.0659E-3	-8.8188E+1	-1.0092E+2	-1.0913E+2	-9.0197E+1
3.2595E+1	-1.5294E+1	6.0932E-1	3.3448E-3	-8.9947E+1	-1.0025E+2	-1.1037E+2	-1.1556E+2
3.4951E+1	-1.5294E+1	5.5743E-1	3.4659E-3	-8.9725E+1	-1.0138E+2	-1.0238E+2	-1.1273E+2
3.7476E+1	-1.5293E+1	5.0903E-1	4.6739E-3	-8.9851E+1	-1.0198E+2	-8.9673E+1	-1.1108E+2
4.0185E+1	-1.5293E+1	4.6421E-1	3.8201E-3	-8.8964E+1	-9.9367E+1	-1.0197E+2	-1.0974E+2
4.3089E+1	-1.5292E+1	4.1761E-1	3.5733E-3	-8.9223E+1	-1.0130E+2	-1.2404E+2	-1.1200E+2
4.6203E+1	-1.5291E+1	3.7907E-1	4.2447E-3	-8.8344E+1	-9.4881E+1	-1.0986E+2	-1.1648E+2
4.9542E+1	-1.5294E+1	3.4136E-1	5.3255E-3	-8.8921E+1	-8.9845E+1	-1.1236E+2	-9.2908E+1
5.3122E+1	-1.5291E+1	2.8759E-1	4.4052E-3	-8.7468E+1	-9.8767E+1	-1.1264E+2	-1.0959E+2
5.6961E+1	-1.5292E+1	2.4592E-1	4.3668E-3	-8.7461E+1	-9.9836E+1	-1.1536E+2	-1.1234E+2
6.1077E+1	-1.5291E+1	2.1955E-1	5.4680E-3	-8.6108E+1	-9.9666E+1	-9.3669E+1	-1.1710E+2
6.5491E+1	-1.5292E+1	1.7964E-1	5.6351E-3	-8.5602E+1	-9.8383E+1	-9.5594E+1	-1.1827E+2
7.0224E+1	-1.5292E+1	1.4446E-1	3.9984E-3	-9.1170E+1	-9.8043E+1	-1.1371E+2	-9.1716E+1
7.5299E+1	-1.5292E+1	1.1309E-1	7.4199E-3	-8.2739E+1	-9.7937E+1	-1.0707E+2	-1.1586E+2
8.0740E+1	-1.5292E+1	7.8170E-2	5.0829E-3	-8.6584E+1	-9.4523E+1	-1.0659E+2	-1.0886E+2
8.6575E+1	-1.5292E+1	4.4454E-2	8.3492E-3	-8.2654E+1	-9.5472E+1	-9.1782E+1	-9.2243E+1
9.2832E+1	-1.5292E+1	1.0606E-2	8.1514E-3	-8.2705E+1	-9.5606E+1	-9.7913E+1	-9.0740E+1
9.9540E+1	-1.5291E+1	-2.2602E-2	7.4580E-3	-8.2813E+1	-9.5590E+1	-1.0469E+2	-1.0718E+2
1.0673E+2	-1.5291E+1	-5.6012E-2	8.8308E-3	-8.1715E+1	-9.4073E+1	-9.3936E+1	-9.5773E+1
1.1445E+2	-1.5291E+1	-9.0004E-2	9.5342E-3	-8.2552E+1	-8.7370E+1	-8.7966E+1	-9.9831E+1
1.2272E+2	-1.5291E+1	-1.2508E-1	7.2740E-3	-8.3735E+1	-8.9904E+1	-1.0755E+2	-1.0698E+2
1.3159E+2	-1.5291E+1	-1.6021E-1	8.4153E-3	-8.2023E+1	-9.4157E+1	-9.9838E+1	-9.4976E+1
1.4110E+2	-1.5291E+1	-1.9676E-1	1.1119E-2	-7.9832E+1	-8.8196E+1	-9.3476E+1	-1.1292E+2
1.5129E+2	-1.5291E+1	-2.3361E-1	1.1165E-2	-7.9725E+1	-8.8491E+1	-1.0045E+2	-9.5112E+1
1.6223E+2	-1.5291E+1	-2.7135E-1	1.0347E-2	-8.0302E+1	-9.0014E+1	-9.4672E+1	-1.0384E+2
1.7395E+2	-1.5291E+1	-3.0921E-1	1.4596E-2	-7.6903E+1	-9.2180E+1	-1.0346E+2	-9.6000E+1
1.8652E+2	-1.5291E+1	-3.4871E-1	1.5342E-2	-7.6671E+1	-8.8203E+1	-9.8422E+1	-9.4494E+1
2.0000E+2	-1.5291E+1	-3.9192E-1	1.4398E-2	-7.7030E+1	-9.0788E+1	-1.0131E+2	-1.1170E+2
2.1445E+2	-1.5291E+1	-4.3604E-1	1.4405E-2	-7.7419E+1	-8.6999E+1	-9.2747E+1	-9.9797E+1
2.2995E+2	-1.5291E+1	-4.8362E-1	1.9172E-2	-7.4589E+1	-8.9000E+1	-9.3332E+1	-9.5728E+1
2.4657E+2	-1.5291E+1	-5.3033E-1	1.9565E-2	-7.4453E+1	-8.6864E+1	-1.0102E+2	-9.5639E+1
2.6439E+2	-1.5291E+1	-5.8280E-1	2.0993E-2	-7.3705E+1	-9.1244E+1	-9.1907E+1	-1.0201E+2
2.8349E+2	-1.5291E+1	-6.3730E-1	2.0745E-2	-7.3825E+1	-8.9141E+1	-9.5520E+1	-1.0025E+2
3.0398E+2	-1.5292E+1	-6.9461E-1	2.1860E-2	-7.3440E+1	-8.6300E+1	-1.0972E+2	-9.8567E+1
3.2595E+2	-1.5292E+1	-7.5614E-1	2.4423E-2	-7.2393E+1	-8.7180E+1	-1.1083E+2	-1.0016E+2
3.4951E+2	-1.5292E+1	-8.1840E-1	2.6017E-2	-7.1792E+1	-8.9606E+1	-9.5733E+1	-9.8547E+1
3.7476E+2	-1.5292E+1	-8.8783E-1	2.8074E-2	-7.1159E+1	-8.7386E+1	-9.7300E+1	-9.6569E+1
4.0185E+2	-1.5292E+1	-9.5925E-1	2.8828E-2	-7.0998E+1	-8.4628E+1	-9.8276E+1	-1.0299E+2
4.3089E+2	-1.5293E+1	-1.0388E+0	3.2734E-2	-6.9908E+1	-8.3761E+1	-9.3708E+1	-9.4268E+1
4.6203E+2	-1.5292E+1	-1.1220E+0	3.1817E-2	-7.0156E+1	-8.3877E+1	-9.2011E+1	-1.0535E+2
4.9542E+2	-1.5293E+1	-1.2082E+0	3.4870E-2	-6.9294E+1	-8.4689E+1	-9.4461E+1	-9.7079E+1
5.3122E+2	-1.5293E+1	-1.3000E+0	3.8800E-2	-6.8385E+1	-8.2803E+1	-1.0155E+2	-9.7455E+1
5.6961E+2	-1.5293E+1	-1.4015E+0	3.9461E-2	-6.8226E+1	-8.3376E+1	-9.4125E+1	-9.5276E+1
6.1077E+2	-1.5294E+1	-1.5071E+0	4.2580E-2	-6.7614E+1	-8.1403E+1	-9.0922E+1	-1.0615E+2
6.5491E+2	-1.5294E+1	-1.6213E+0	4.6668E-2	-6.6739E+1	-8.2467E+1	-1.0038E+2	-9.8601E+1
7.0224E+2	-1.5295E+1	-1.7428E+0	4.9570E-2	-6.6273E+1	-8.0308E+1	-9.3181E+1	-1.0925E+2
7.5299E+2	-1.5295E+1	-1.8727E+0	5.2781E-2	-6.5741E+1	-7.9358E+1	-9.4806E+1	-1.0289E+2
8.0740E+2	-1.5296E+1	-2.0121E+0	5.6666E-2	-6.5114E+1	-7.8977E+1	-9.5306E+1	-1.0051E+2
8.6575E+2	-1.5297E+1	-2.1620E+0	6.1212E-2	-6.4402E+1	-7.9514E+1	-9.3131E+1	-1.0140E+2
9.2832E+2	-1.5298E+1	-2.3214E+0	6.5307E-2	-6.3826E+1	-7.9361E+1	-9.3327E+1	-1.0091E+2
9.9540E+2	-1.5298E+1	-2.4915E+0	6.9268E-2	-6.3342E+1	-7.8018E+1	-9.1438E+1	-9.9763E+1
1.0673E+3	-1.5300E+1	-2.6731E+0	7.6329E-2	-6.2477E+1	-7.7772E+1	-9.3176E+1	-1.0528E+2
1.1445E+3	-1.5301E+1	-2.8703E+0	8.1086E-2	-6.1969E+1	-7.6758E+1	-9.0416E+1	-1.0857E+2
1.2272E+3	-1.5302E+1	-3.0785E+0	8.6282E-2	-6.1438E+1	-7.5985E+1	-8.9857E+1	-1.0317E+2
1.3159E+3	-1.5304E+1	-3.3037E+0	9.2800E-2	-6.0788E+1	-7.5923E+1	-8.8580E+1	-9.9760E+1
1.4110E+3	-1.5306E+1	-3.5438E+0	9.9622E-2	-6.0175E+1	-7.5121E+1	-8.9551E+1	-1.0346E+2
1.5129E+3	-1.5308E+1	-3.8008E+0	1.0605E-1	-5.9638E+1	-7.4435E+1	-8.8351E+1	-9.8271E+1
1.6223E+3	-1.5310E+1	-4.0756E+0	1.1188E-1	-5.9159E+1	-7.4365E+1	-8.8608E+1	-1.0484E+2
1.7395E+3	-1.5313E+1	-4.3710E+0	1.2024E-1	-5.8542E+1	-7.3472E+1	-8.7024E+1	-1.0371E+2
1.8652E+3	-1.5317E+1	-4.6872E+0	1.2884E-1	-5.7942E+1	-7.2901E+1	-8.6218E+1	-9.7534E+1
2.0000E+3	-1.5320E+1	-5.0246E+0	1.3828E-1	-5.7328E+1	-7.2287E+1	-8.5626E+1	-1.0040E+2
2.1445E+3	-1.5325E+1	-5.3880E+0	1.4777E-1	-5.6745E+1	-7.1889E+1	-8.5366E+1	-9.9884E+1
2.2995E+3	-1.5329E+1	-5.7755E+0	1.5778E-1	-5.6175E+1	-7.1363E+1	-8.5037E+1	-9.4862E+1
2.4657E+3	-1.5335E+1	-6.1896E+0	1.6914E-1	-5.5574E+1	-7.0635E+1	-8.4252E+1	-9.5875E+1
2.6439E+3	-1.5341E+1	-6.6345E+0	1.8043E-1	-5.5008E+1	-7.0254E+1	-8.3572E+1	-9.6245E+1
2.8349E+3	-1.5349E+1	-7.1107E+0	1.9282E-1	-5.4433E+1	-6.9621E+1	-8.2870E+1	-9.8562E+1
3.0398E+3	-1.5357E+1	-7.6207E+0	2.0620E-1	-5.3848E+1	-6.9082E+1	-8.2411E+1	-9.5891E+1
3.2595E+3	-1.5367E+1	-8.1653E+0	2.2000E-1	-5.3280E+1	-6.8666E+1	-8.3279E+1	-9.4973E+1
3.4951E+3	-1.5378E+1	-8.7491E+0	2.3438E-1	-5.2732E+1	-6.8058E+1	-8.2774E+1	-9.6746E+1
3.7476E+3	-1.5390E+1	-9.3725E+0	2.4970E-1	-5.2180E+1	-6.7580E+1	-8.1596E+1	-9.6182E+1
4.0185E+3	-1.5405E+1	-1.0039E+1	2.6605E-1	-5.1629E+1	-6.7021E+1	-8.1565E+1	-9.5319E+1
4.3089E+3	-1.5421E+1	-1.0752E+1	2.8320E-1	-5.1077E+1	-6.6816E+1	-8.0992E+1	-9.4041E+1
4.6203E+3	-1.5440E+1	-1.1513E+1	3.0124E-1	-5.0546E+1	-6.6098E+1	-8.0297E+1	-9.3976E+1
4.9542E+3	-1.5461E+1	-1.2326E+1	3.1964E-1	-5.0025E+1	-6.5775E+1	-8.0330E+1	-9.3944E+1
5.3122E+3	-1.5486E+1	-1.3194E+1	3.4013E-1	-4.9480E+1	-6.5410E+1	-7.9979E+1	-9.3783E+1
5.6961E+3	-1.5514E+1	-1.4119E+1	3.6093E-1	-4.8966E+1	-6.4867E+1	-7.9510E+1	-9.4566E+1
6.1077E+3	-1.5546E+1	-1.5105E+1	3.8238E-1	-4.8461E+1	-6.4513E+1	-7.9031E+1	-9.3196E+1
6.5491E+3	-1.5582E+1	-1.6155E+1	4.0409E-1	-4.7976E+1	-6.4245E+1	-7.8835E+1	-9.0603E+1
7.0224E+3	-1.5624E+1	-1.7272E+1	4.2719E-1	-4.7490E+1	-6.3849E+1	-7.9106E+1	-9.2357E+1
7.5299E+3	-1.5671E+1	-1.8460E+1	4.5001E-1	-4.7036E+1	-6.3485E+1	-7.8371E+1	-9.3752E+1
8.0740E+3	-1.5725E+1	-1.9721E+1	4.7417E-1	-4.6578E+1	-6.3159E+1	-7.8504E+1	-9.1829E+1
8.6575E+3	-1.5786E+1	-2.1057E+1	4.9975E-1	-4.6117E+1	-6.2937E+1	-7.7931E+1	-9.4278E+1
9.2832E+3	-1.5855E+1	-2.2472E+1	5.2437E-1	-4.5698E+1	-6.2569E+1	-7.7969E+1	-9.3146E+1
9.9540E+3	-1.5933E+1	-2.3968E+1	5.4824E-1	-4.5305E+1	-6.2487E+1	-7.7945E+1	-9.2000E+1
1.0673E+4	-1.6020E+1	-2.5545E+1	5.7218E-1	-4.4929E+1	-6.2372E+1	-7.7968E+1	-9.4477E+1
1.1445E+4	-1.6120E+1	-2.7207E+1	5.9684E-1	-4.4561E+1	-6.2071E+1	-7.9333E+1	-9.2088E+1
1.2272E+4	-1.6231E+1	-2.8952E+1	6.2140E-1	-4.4208E+1	-6.1905E+1	-7.7871E+1	-9.1940E+1
1.3159E+4	-1.6356E+1	-3.0782E+1	6.4340E-1	-4.3875E+1	-6.3922E+1	-7.7949E+1	-9.0191E+1
1.4110E+4	-1.6495E+1	-3.2695E+1	6.6978E-1	-4.3550E+1	-6.1658E+1	-7.8024E+1	-9.1820E+1
1.5129E+4	-1.6650E+1	-3.4691E+1	6.9386E-1	-4.3240E+1	-6.1528E+1	-7.7985E+1	-9.1521E+1
1.6223E+4	-1.6822E+1	-3.6766E+1	7.1771E-1	-4.2943E+1	-6.1504E+1	-7.6516E+1	-9.2186E+1
1.7395E+4	-1.7013E+1	-3.8916E+1	7.3980E-1	-4.2676E+1	-6.1424E+1	-7.9848E+1	-1.0514E+2
1.8652E+4	-1.7223E+1	-4.1139E+1	7.6324E-1	-4.2402E+1	-6.1410E+1	-7.9042E+1	-9.2083E+1
2.0000E+4	-1.7454E+1	-4.3426E+1	7.8602E-1	-4.2145E+1	-6.1298E+1	-7.8296E+1	-9.9883E+1
