%	Date:	2010-12-15	Time:	14:52:55
%	Sampling frequency		[Hz]:	204800
%	Generator amplitude		[V]:	0.20000
%	Settle time		[s]:	0.025000
%	Settle cycles:			5
%	Integration time		[s]:	0.025000
%	Integration cycles:			5
% Freq.	Amplitude	Phase	THD	HD 2	HD 3	HD 4	HD 5
% [Hz]	[dB]	[deg]	[%]	[dB ref fund]	[dB ref fund]	[dB ref fund]	[dB ref fund]
2.0000E+1	-8.1172E-2	-1.7843E+2	2.3560E-1	-5.2961E+1	-7.0355E+1	-6.6103E+1	-6.8055E+1
2.1445E+1	-8.0573E-2	-1.7853E+2	2.1527E-1	-5.3838E+1	-7.0410E+1	-6.5726E+1	-6.8453E+1
2.2995E+1	-7.9511E-2	-1.7863E+2	2.3689E-1	-5.2913E+1	-7.0500E+1	-6.5740E+1	-6.8473E+1
2.4657E+1	-7.8684E-2	-1.7872E+2	1.6470E-1	-5.6605E+1	-6.9846E+1	-6.5509E+1	-6.8462E+1
2.6439E+1	-7.7809E-2	-1.7881E+2	1.4045E-1	-5.8274E+1	-7.0513E+1	-6.5978E+1	-6.8432E+1
2.8349E+1	-7.7988E-2	-1.7889E+2	1.7777E-1	-5.5726E+1	-7.0436E+1	-6.5821E+1	-6.8779E+1
3.0398E+1	-7.5898E-2	-1.7896E+2	2.3961E-1	-5.2820E+1	-7.0798E+1	-6.5742E+1	-6.7756E+1
3.2595E+1	-7.5426E-2	-1.7903E+2	2.3595E-1	-5.2979E+1	-6.9625E+1	-6.5578E+1	-6.8381E+1
3.4951E+1	-7.4434E-2	-1.7909E+2	2.2836E-1	-5.3293E+1	-7.0596E+1	-6.5404E+1	-6.8112E+1
3.7476E+1	-7.5737E-2	-1.7916E+2	2.2891E-1	-5.3215E+1	-7.0249E+1	-6.6337E+1	-6.8435E+1
4.0185E+1	-7.9444E-2	-1.7921E+2	2.3090E-1	-5.3157E+1	-7.0419E+1	-6.5809E+1	-6.8395E+1
4.3089E+1	-8.0356E-2	-1.7922E+2	2.3119E-1	-5.3153E+1	-7.0564E+1	-6.5650E+1	-6.8338E+1
4.6203E+1	-8.5996E-2	-1.7928E+2	2.2932E-1	-5.3203E+1	-7.1070E+1	-6.5835E+1	-6.8634E+1
4.9542E+1	-7.7346E-2	-1.7946E+2	2.2848E-1	-5.3234E+1	-7.0295E+1	-6.5554E+1	-7.0039E+1
5.3122E+1	-7.4244E-2	-1.7931E+2	2.2766E-1	-5.3296E+1	-6.9886E+1	-6.5872E+1	-6.8535E+1
5.6961E+1	-6.4876E-2	-1.7938E+2	2.3100E-1	-5.3161E+1	-7.0911E+1	-6.5476E+1	-6.8469E+1
6.1077E+1	-7.9430E-2	-1.7945E+2	2.2862E-1	-5.3199E+1	-7.0842E+1	-6.6644E+1	-6.8535E+1
6.5491E+1	-6.7058E-2	-1.7954E+2	2.3012E-1	-5.3201E+1	-7.0659E+1	-6.5593E+1	-6.8275E+1
7.0224E+1	-6.8901E-2	-1.7955E+2	2.2771E-1	-5.3353E+1	-7.0377E+1	-6.5699E+1	-6.6905E+1
7.5299E+1	-7.2770E-2	-1.7960E+2	2.3018E-1	-5.3195E+1	-7.0670E+1	-6.5523E+1	-6.8506E+1
8.0740E+1	-7.1645E-2	-1.7962E+2	2.2766E-1	-5.3267E+1	-7.2654E+1	-6.5615E+1	-6.8515E+1
8.6575E+1	-7.1129E-2	-1.7965E+2	2.3072E-1	-5.3142E+1	-6.9150E+1	-6.6157E+1	-6.9666E+1
9.2832E+1	-7.0862E-2	-1.7967E+2	2.3178E-1	-5.3125E+1	-7.1043E+1	-6.5302E+1	-6.8888E+1
9.9540E+1	-7.1183E-2	-1.7970E+2	2.2725E-1	-5.3285E+1	-7.0031E+1	-6.6304E+1	-6.8624E+1
1.0673E+2	-7.1267E-2	-1.7973E+2	2.2845E-1	-5.3227E+1	-7.0337E+1	-6.6613E+1	-6.8183E+1
1.1445E+2	-7.1107E-2	-1.7975E+2	2.2650E-1	-5.3292E+1	-6.8777E+1	-6.7723E+1	-6.8449E+1
1.2272E+2	-7.0720E-2	-1.7977E+2	2.3389E-1	-5.3051E+1	-6.9466E+1	-6.5788E+1	-6.8524E+1
1.3159E+2	-7.0614E-2	-1.7979E+2	2.3346E-1	-5.3061E+1	-7.0347E+1	-6.5582E+1	-6.8564E+1
1.4110E+2	-7.0452E-2	-1.7981E+2	2.2886E-1	-5.3237E+1	-6.9838E+1	-6.5878E+1	-6.8864E+1
1.5129E+2	-7.0526E-2	-1.7982E+2	2.3135E-1	-5.3103E+1	-7.3745E+1	-6.5847E+1	-6.8093E+1
1.6223E+2	-7.0439E-2	-1.7984E+2	2.3417E-1	-5.3013E+1	-7.1283E+1	-6.5632E+1	-6.8578E+1
1.7395E+2	-7.0617E-2	-1.7986E+2	2.2175E-1	-5.3528E+1	-7.0453E+1	-6.5854E+1	-6.8865E+1
1.8652E+2	-7.0637E-2	-1.7987E+2	2.2649E-1	-5.3316E+1	-7.0800E+1	-6.6263E+1	-6.8246E+1
2.0000E+2	-7.0789E-2	-1.7989E+2	2.2759E-1	-5.3289E+1	-7.0555E+1	-6.5830E+1	-6.8507E+1
2.1445E+2	-7.0628E-2	-1.7990E+2	2.4039E-1	-5.2740E+1	-7.1208E+1	-6.6143E+1	-6.8574E+1
2.2995E+2	-7.0767E-2	-1.7992E+2	2.1973E-1	-5.3612E+1	-7.0405E+1	-6.6271E+1	-6.8305E+1
2.4657E+2	-7.0197E-2	-1.7993E+2	2.2236E-1	-5.3512E+1	-7.0685E+1	-6.5671E+1	-6.8750E+1
2.6439E+2	-6.9828E-2	-1.7994E+2	2.2932E-1	-5.3192E+1	-7.0819E+1	-6.6326E+1	-6.8296E+1
2.8349E+2	-6.9930E-2	-1.7996E+2	2.3072E-1	-5.3167E+1	-7.0368E+1	-6.5746E+1	-6.8464E+1
3.0398E+2	-6.9907E-2	-1.7997E+2	2.3107E-1	-5.3147E+1	-7.0797E+1	-6.5553E+1	-6.8766E+1
3.2595E+2	-7.0229E-2	-1.7999E+2	2.2714E-1	-5.3302E+1	-7.0066E+1	-6.6178E+1	-6.8412E+1
3.4951E+2	-6.9449E-2	-1.8000E+2	2.3059E-1	-5.3204E+1	-6.9706E+1	-6.5768E+1	-6.7874E+1
3.7476E+2	-6.9193E-2	1.7999E+2	2.2684E-1	-5.3311E+1	-6.9995E+1	-6.6055E+1	-6.8803E+1
4.0185E+2	-6.9746E-2	1.7998E+2	2.2611E-1	-5.3321E+1	-7.1241E+1	-6.5777E+1	-6.9263E+1
4.3089E+2	-7.1392E-2	1.7996E+2	2.2914E-1	-5.3270E+1	-7.0540E+1	-6.5397E+1	-6.7868E+1
4.6203E+2	-7.0097E-2	1.7994E+2	2.3048E-1	-5.3206E+1	-7.0321E+1	-6.5324E+1	-6.8340E+1
4.9542E+2	-7.0702E-2	1.7993E+2	2.2519E-1	-5.3369E+1	-7.1003E+1	-6.5985E+1	-6.8671E+1
5.3122E+2	-7.0258E-2	1.7992E+2	2.2780E-1	-5.3286E+1	-7.0217E+1	-6.5393E+1	-6.9464E+1
5.6961E+2	-7.0363E-2	1.7991E+2	2.2984E-1	-5.3178E+1	-7.0033E+1	-6.6132E+1	-6.8896E+1
6.1077E+2	-7.0155E-2	1.7989E+2	2.2765E-1	-5.3308E+1	-7.0204E+1	-6.5860E+1	-6.8001E+1
6.5491E+2	-7.0202E-2	1.7988E+2	2.2979E-1	-5.3195E+1	-7.1461E+1	-6.5565E+1	-6.8549E+1
7.0224E+2	-7.0449E-2	1.7986E+2	2.2843E-1	-5.3245E+1	-7.1037E+1	-6.5808E+1	-6.8529E+1
7.5299E+2	-7.0613E-2	1.7985E+2	2.3138E-1	-5.3164E+1	-6.9712E+1	-6.5652E+1	-6.8287E+1
8.0740E+2	-7.0655E-2	1.7983E+2	2.3190E-1	-5.3104E+1	-7.1042E+1	-6.5734E+1	-6.8581E+1
8.6575E+2	-7.0450E-2	1.7981E+2	2.2740E-1	-5.3308E+1	-7.0461E+1	-6.5778E+1	-6.8297E+1
9.2832E+2	-7.0497E-2	1.7979E+2	2.2997E-1	-5.3218E+1	-6.9978E+1	-6.5576E+1	-6.8381E+1
9.9540E+2	-7.0592E-2	1.7977E+2	2.3250E-1	-5.3125E+1	-6.9994E+1	-6.5467E+1	-6.8197E+1
1.0673E+3	-7.0415E-2	1.7975E+2	2.2937E-1	-5.3272E+1	-7.1032E+1	-6.4977E+1	-6.8051E+1
1.1445E+3	-7.0769E-2	1.7973E+2	2.3246E-1	-5.3148E+1	-7.0080E+1	-6.5219E+1	-6.7924E+1
1.2272E+3	-7.0935E-2	1.7970E+2	2.3135E-1	-5.3165E+1	-7.0679E+1	-6.5417E+1	-6.8111E+1
1.3159E+3	-7.1037E-2	1.7968E+2	2.3348E-1	-5.3100E+1	-7.0927E+1	-6.4991E+1	-6.8073E+1
1.4110E+3	-7.1212E-2	1.7966E+2	2.3357E-1	-5.3126E+1	-7.0781E+1	-6.4882E+1	-6.7497E+1
1.5129E+3	-7.1352E-2	1.7963E+2	2.3616E-1	-5.3040E+1	-7.0025E+1	-6.4623E+1	-6.7790E+1
1.6223E+3	-7.1551E-2	1.7960E+2	2.3696E-1	-5.3040E+1	-7.0325E+1	-6.4394E+1	-6.7145E+1
1.7395E+3	-7.1298E-2	1.7956E+2	2.3974E-1	-5.2929E+1	-6.9986E+1	-6.4765E+1	-6.6602E+1
1.8652E+3	-7.1488E-2	1.7953E+2	2.4132E-1	-5.2894E+1	-7.0307E+1	-6.4325E+1	-6.6467E+1
2.0000E+3	-7.1791E-2	1.7949E+2	2.4562E-1	-5.2781E+1	-6.9484E+1	-6.4076E+1	-6.5873E+1
2.1445E+3	-7.1908E-2	1.7946E+2	2.4635E-1	-5.2798E+1	-6.9669E+1	-6.3592E+1	-6.5630E+1
2.2995E+3	-7.2115E-2	1.7942E+2	2.5154E-1	-5.2668E+1	-6.8418E+1	-6.3330E+1	-6.5098E+1
2.4657E+3	-7.2775E-2	1.7937E+2	2.5682E-1	-5.2495E+1	-6.8544E+1	-6.3317E+1	-6.4434E+1
2.6439E+3	-7.3206E-2	1.7933E+2	2.6273E-1	-5.2422E+1	-6.8230E+1	-6.2363E+1	-6.3506E+1
2.8349E+3	-7.3609E-2	1.7928E+2	2.6900E-1	-5.2254E+1	-6.6921E+1	-6.2346E+1	-6.3018E+1
3.0398E+3	-7.3610E-2	1.7922E+2	2.7399E-1	-5.2135E+1	-6.6420E+1	-6.1834E+1	-6.2952E+1
3.2595E+3	-7.4308E-2	1.7917E+2	2.8005E-1	-5.1991E+1	-6.5933E+1	-6.1624E+1	-6.2382E+1
3.4951E+3	-7.4859E-2	1.7911E+2	2.8700E-1	-5.1867E+1	-6.5482E+1	-6.1100E+1	-6.1725E+1
3.7476E+3	-7.4983E-2	1.7904E+2	2.9874E-1	-5.1566E+1	-6.4034E+1	-6.1177E+1	-6.0997E+1
4.0185E+3	-7.5991E-2	1.7897E+2	3.0932E-1	-5.1366E+1	-6.3243E+1	-6.0362E+1	-6.0588E+1
4.3089E+3	-7.6394E-2	1.7890E+2	3.1997E-1	-5.1119E+1	-6.2734E+1	-6.0059E+1	-6.0039E+1
4.6203E+3	-7.7266E-2	1.7882E+2	3.3604E-1	-5.0695E+1	-6.1190E+1	-6.0329E+1	-5.9654E+1
4.9542E+3	-7.7985E-2	1.7874E+2	3.4504E-1	-5.0470E+1	-6.0748E+1	-6.0063E+1	-5.9573E+1
5.3122E+3	-7.8906E-2	1.7865E+2	3.6206E-1	-5.0124E+1	-5.9751E+1	-5.9789E+1	-5.8921E+1
5.6961E+3	-7.9720E-2	1.7856E+2	3.7558E-1	-4.9778E+1	-5.8705E+1	-5.9994E+1	-5.9093E+1
6.1077E+3	-8.0809E-2	1.7845E+2	3.8999E-1	-4.9424E+1	-5.7977E+1	-6.0308E+1	-5.8970E+1
6.5491E+3	-8.2083E-2	1.7835E+2	4.0193E-1	-4.9140E+1	-5.7809E+1	-5.9810E+1	-5.8977E+1
7.0224E+3	-8.3243E-2	1.7823E+2	4.1964E-1	-4.8773E+1	-5.7019E+1	-5.9672E+1	-5.8926E+1
7.5299E+3	-8.4478E-2	1.7811E+2	4.4475E-1	-4.8355E+1	-5.6126E+1	-5.9893E+1	-5.7669E+1
8.0740E+3	-8.5678E-2	1.7798E+2	4.6119E-1	-4.8040E+1	-5.5167E+1	-6.1147E+1	-5.7560E+1
8.6575E+3	-8.7085E-2	1.7784E+2	4.8562E-1	-4.7660E+1	-5.4666E+1	-6.0808E+1	-5.6579E+1
9.2832E+3	-8.8958E-2	1.7769E+2	4.9977E-1	-4.7399E+1	-5.4681E+1	-5.9704E+1	-5.6375E+1
9.9540E+3	-9.0384E-2	1.7754E+2	5.3092E-1	-4.7044E+1	-5.4299E+1	-5.8418E+1	-5.4840E+1
1.0673E+4	-9.2086E-2	1.7737E+2	5.5568E-1	-4.6697E+1	-5.4159E+1	-5.7328E+1	-5.4205E+1
1.1445E+4	-9.3690E-2	1.7719E+2	5.7802E-1	-4.6418E+1	-5.3314E+1	-5.7634E+1	-5.3760E+1
1.2272E+4	-9.5359E-2	1.7699E+2	6.2531E-1	-4.5983E+1	-5.2424E+1	-5.6794E+1	-5.2169E+1
1.3159E+4	-9.7674E-2	1.7679E+2	6.4447E-1	-4.5678E+1	-5.3086E+1	-5.5258E+1	-5.1810E+1
1.4110E+4	-9.9695E-2	1.7657E+2	6.6878E-1	-4.5384E+1	-5.2399E+1	-5.4939E+1	-5.1665E+1
1.5129E+4	-1.0220E-1	1.7634E+2	7.1697E-1	-4.4952E+1	-5.2118E+1	-5.3424E+1	-5.0582E+1
1.6223E+4	-1.0388E-1	1.7609E+2	7.4333E-1	-4.4648E+1	-5.2299E+1	-5.2270E+1	-5.0389E+1
1.7395E+4	-1.0595E-1	1.7583E+2	7.7305E-1	-4.4248E+1	-5.2786E+1	-5.1127E+1	-5.0370E+1
1.8652E+4	-1.0826E-1	1.7554E+2	7.9354E-1	-4.3906E+1	-5.3362E+1	-5.0337E+1	-5.0746E+1
2.0000E+4	-1.1085E-1	1.7524E+2	8.0149E-1	-4.3486E+1	-5.3278E+1	-5.0151E+1	-5.2951E+1
