%	Date:	2010-12-15	Time:	14:53:37
%	Sampling frequency		[Hz]:	204800
%	Generator amplitude		[V]:	2.0000
%	Settle time		[s]:	0.025000
%	Settle cycles:			5
%	Integration time		[s]:	0.025000
%	Integration cycles:			5
% Freq.	Amplitude	Phase	THD	HD 2	HD 3	HD 4	HD 5
% [Hz]	[dB]	[deg]	[%]	[dB ref fund]	[dB ref fund]	[dB ref fund]	[dB ref fund]
2.0000E+1	-4.9773E-2	-1.7843E+2	3.9120E-2	-8.5579E+1	-6.9237E+1	-7.9164E+1	-7.7223E+1
2.1445E+1	-4.8618E-2	-1.7853E+2	3.9066E-2	-8.3607E+1	-6.9336E+1	-7.9848E+1	-7.6700E+1
2.2995E+1	-4.7571E-2	-1.7863E+2	3.8926E-2	-8.5512E+1	-6.9340E+1	-7.9930E+1	-7.6549E+1
2.4657E+1	-4.6596E-2	-1.7872E+2	4.3133E-2	-7.3524E+1	-6.9470E+1	-8.0440E+1	-7.7075E+1
2.6439E+1	-4.5767E-2	-1.7881E+2	4.0486E-2	-7.7620E+1	-6.9410E+1	-8.0014E+1	-7.6556E+1
2.8349E+1	-4.5010E-2	-1.7889E+2	3.9664E-2	-7.9286E+1	-6.9414E+1	-8.0133E+1	-7.6694E+1
3.0398E+1	-4.4354E-2	-1.7896E+2	3.8821E-2	-8.4813E+1	-6.9404E+1	-8.0146E+1	-7.6378E+1
3.2595E+1	-4.3723E-2	-1.7903E+2	3.8600E-2	-8.5090E+1	-6.9428E+1	-8.0343E+1	-7.6461E+1
3.4951E+1	-4.3218E-2	-1.7910E+2	3.8814E-2	-8.4433E+1	-6.9380E+1	-8.0392E+1	-7.6465E+1
3.7476E+1	-4.2638E-2	-1.7916E+2	3.8707E-2	-8.4691E+1	-6.9426E+1	-7.9959E+1	-7.6537E+1
4.0185E+1	-4.2526E-2	-1.7922E+2	3.8478E-2	-8.4439E+1	-6.9459E+1	-8.0260E+1	-7.6619E+1
4.3089E+1	-4.2694E-2	-1.7927E+2	3.8826E-2	-8.4571E+1	-6.9382E+1	-8.0293E+1	-7.6456E+1
4.6203E+1	-4.2425E-2	-1.7932E+2	3.8471E-2	-8.4882E+1	-6.9461E+1	-8.0437E+1	-7.6479E+1
4.9542E+1	-4.0181E-2	-1.7937E+2	3.8167E-2	-8.4979E+1	-6.9563E+1	-8.0257E+1	-7.6481E+1
5.3122E+1	-4.2131E-2	-1.7941E+2	3.9542E-2	-8.4580E+1	-6.9206E+1	-8.0410E+1	-7.6248E+1
5.6961E+1	-4.1187E-2	-1.7944E+2	3.9713E-2	-8.4159E+1	-6.9193E+1	-8.0281E+1	-7.6182E+1
6.1077E+1	-4.1029E-2	-1.7949E+2	3.8926E-2	-8.4901E+1	-6.9323E+1	-8.0881E+1	-7.6337E+1
6.5491E+1	-3.9845E-2	-1.7952E+2	3.9422E-2	-8.4753E+1	-6.9263E+1	-8.0252E+1	-7.6175E+1
7.0224E+1	-3.9974E-2	-1.7956E+2	3.9506E-2	-8.5065E+1	-6.9255E+1	-8.0441E+1	-7.5986E+1
7.5299E+1	-3.9738E-2	-1.7959E+2	3.9510E-2	-8.4860E+1	-6.9239E+1	-8.0092E+1	-7.6219E+1
8.0740E+1	-3.9625E-2	-1.7962E+2	4.0162E-2	-8.4322E+1	-6.9055E+1	-8.0197E+1	-7.6244E+1
8.6575E+1	-3.9525E-2	-1.7965E+2	3.9358E-2	-8.4594E+1	-6.9229E+1	-8.0230E+1	-7.6475E+1
9.2832E+1	-3.9414E-2	-1.7967E+2	3.9448E-2	-8.5143E+1	-6.9152E+1	-8.0567E+1	-7.6536E+1
9.9540E+1	-3.9249E-2	-1.7970E+2	4.0136E-2	-8.4425E+1	-6.9105E+1	-8.0443E+1	-7.5926E+1
1.0673E+2	-3.9198E-2	-1.7972E+2	4.0302E-2	-8.4804E+1	-6.9065E+1	-8.0027E+1	-7.5992E+1
1.1445E+2	-3.9068E-2	-1.7975E+2	4.1282E-2	-8.4461E+1	-6.8854E+1	-7.9882E+1	-7.5789E+1
1.2272E+2	-3.8966E-2	-1.7977E+2	4.1042E-2	-8.4737E+1	-6.8887E+1	-8.0317E+1	-7.5755E+1
1.3159E+2	-3.8948E-2	-1.7979E+2	4.1030E-2	-8.4943E+1	-6.8867E+1	-8.0426E+1	-7.5805E+1
1.4110E+2	-3.8862E-2	-1.7981E+2	4.0582E-2	-8.4795E+1	-6.9031E+1	-8.0497E+1	-7.5612E+1
1.5129E+2	-3.8806E-2	-1.7982E+2	4.1772E-2	-8.4496E+1	-6.8748E+1	-8.0420E+1	-7.5461E+1
1.6223E+2	-3.8736E-2	-1.7984E+2	4.2033E-2	-8.3799E+1	-6.8721E+1	-8.0140E+1	-7.5442E+1
1.7395E+2	-3.8701E-2	-1.7986E+2	4.2321E-2	-8.4934E+1	-6.8597E+1	-8.0472E+1	-7.5409E+1
1.8652E+2	-3.8607E-2	-1.7987E+2	4.2630E-2	-8.4316E+1	-6.8549E+1	-8.0511E+1	-7.5308E+1
2.0000E+2	-3.8558E-2	-1.7989E+2	4.3471E-2	-8.4042E+1	-6.8384E+1	-8.0087E+1	-7.5207E+1
2.1445E+2	-3.8549E-2	-1.7990E+2	4.3780E-2	-8.6126E+1	-6.8281E+1	-8.0448E+1	-7.4998E+1
2.2995E+2	-3.8504E-2	-1.7992E+2	4.4351E-2	-8.3908E+1	-6.8219E+1	-8.0432E+1	-7.4831E+1
2.4657E+2	-3.8514E-2	-1.7993E+2	4.4875E-2	-8.4859E+1	-6.8119E+1	-7.9884E+1	-7.4733E+1
2.6439E+2	-3.8443E-2	-1.7994E+2	4.5750E-2	-8.5398E+1	-6.7940E+1	-7.9726E+1	-7.4551E+1
2.8349E+2	-3.8426E-2	-1.7996E+2	4.6257E-2	-8.5020E+1	-6.7823E+1	-7.9997E+1	-7.4469E+1
3.0398E+2	-3.8428E-2	-1.7997E+2	4.7099E-2	-8.4858E+1	-6.7690E+1	-8.0134E+1	-7.4128E+1
3.2595E+2	-3.8414E-2	-1.7998E+2	4.8005E-2	-8.4694E+1	-6.7548E+1	-8.0228E+1	-7.3801E+1
3.4951E+2	-3.8453E-2	-1.7999E+2	4.8529E-2	-8.6040E+1	-6.7400E+1	-7.9842E+1	-7.3909E+1
3.7476E+2	-3.8453E-2	1.7999E+2	5.0332E-2	-8.4829E+1	-6.7099E+1	-7.9852E+1	-7.3499E+1
4.0185E+2	-3.8474E-2	1.7998E+2	5.1403E-2	-8.5453E+1	-6.6913E+1	-7.9957E+1	-7.3214E+1
4.3089E+2	-3.8530E-2	1.7997E+2	5.2725E-2	-8.4978E+1	-6.6640E+1	-7.9252E+1	-7.3356E+1
4.6203E+2	-3.8343E-2	1.7995E+2	5.4630E-2	-8.5396E+1	-6.6307E+1	-7.9489E+1	-7.2987E+1
4.9542E+2	-3.8456E-2	1.7994E+2	5.6303E-2	-8.6100E+1	-6.6007E+1	-7.8853E+1	-7.2946E+1
5.3122E+2	-3.8456E-2	1.7993E+2	5.8116E-2	-8.4911E+1	-6.5747E+1	-7.9224E+1	-7.2493E+1
5.6961E+2	-3.8526E-2	1.7991E+2	5.9665E-2	-8.6293E+1	-6.5503E+1	-7.8779E+1	-7.2309E+1
6.1077E+2	-3.8513E-2	1.7990E+2	6.2115E-2	-8.5363E+1	-6.5182E+1	-7.8669E+1	-7.1800E+1
6.5491E+2	-3.8540E-2	1.7989E+2	6.4253E-2	-8.5418E+1	-6.4853E+1	-7.8944E+1	-7.1540E+1
7.0224E+2	-3.8572E-2	1.7987E+2	6.7122E-2	-8.5465E+1	-6.4467E+1	-7.8707E+1	-7.1154E+1
7.5299E+2	-3.8588E-2	1.7985E+2	6.9861E-2	-8.5590E+1	-6.4105E+1	-7.8573E+1	-7.0817E+1
8.0740E+2	-3.8633E-2	1.7984E+2	7.3262E-2	-8.5523E+1	-6.3675E+1	-7.8271E+1	-7.0456E+1
8.6575E+2	-3.8713E-2	1.7982E+2	7.6293E-2	-8.5743E+1	-6.3330E+1	-7.8201E+1	-7.0011E+1
9.2832E+2	-3.8700E-2	1.7980E+2	7.9803E-2	-8.5971E+1	-6.2929E+1	-7.7796E+1	-6.9657E+1
9.9540E+2	-3.8794E-2	1.7978E+2	8.4058E-2	-8.6096E+1	-6.2472E+1	-7.7048E+1	-6.9265E+1
1.0673E+3	-3.8867E-2	1.7976E+2	8.8757E-2	-8.5610E+1	-6.2026E+1	-7.6740E+1	-6.8643E+1
1.1445E+3	-3.8941E-2	1.7974E+2	9.3247E-2	-8.6579E+1	-6.1596E+1	-7.6290E+1	-6.8203E+1
1.2272E+3	-3.8989E-2	1.7972E+2	9.8277E-2	-8.6739E+1	-6.1144E+1	-7.5537E+1	-6.7763E+1
1.3159E+3	-3.9091E-2	1.7970E+2	1.0394E-1	-8.6948E+1	-6.0658E+1	-7.4855E+1	-6.7299E+1
1.4110E+3	-3.9151E-2	1.7967E+2	1.0976E-1	-8.6398E+1	-6.0174E+1	-7.4106E+1	-6.6929E+1
1.5129E+3	-3.9244E-2	1.7964E+2	1.1669E-1	-8.6405E+1	-5.9635E+1	-7.3370E+1	-6.6466E+1
1.6223E+3	-3.9319E-2	1.7961E+2	1.2331E-1	-8.6780E+1	-5.9148E+1	-7.2625E+1	-6.6069E+1
1.7395E+3	-3.9472E-2	1.7958E+2	1.3036E-1	-8.7568E+1	-5.8675E+1	-7.1812E+1	-6.5610E+1
1.8652E+3	-3.9564E-2	1.7955E+2	1.3847E-1	-8.7918E+1	-5.8147E+1	-7.1011E+1	-6.5168E+1
2.0000E+3	-3.9705E-2	1.7952E+2	1.4683E-1	-8.7489E+1	-5.7640E+1	-7.0223E+1	-6.4720E+1
2.1445E+3	-3.9836E-2	1.7948E+2	1.5598E-1	-8.8207E+1	-5.7100E+1	-6.9386E+1	-6.4357E+1
2.2995E+3	-4.0009E-2	1.7944E+2	1.6551E-1	-8.8335E+1	-5.6586E+1	-6.8617E+1	-6.3917E+1
2.4657E+3	-4.0157E-2	1.7940E+2	1.7613E-1	-8.8378E+1	-5.6047E+1	-6.7733E+1	-6.3491E+1
2.6439E+3	-4.0301E-2	1.7935E+2	1.8756E-1	-8.7779E+1	-5.5487E+1	-6.6892E+1	-6.3142E+1
2.8349E+3	-4.0492E-2	1.7931E+2	1.9881E-1	-8.7531E+1	-5.4965E+1	-6.6272E+1	-6.2779E+1
3.0398E+3	-4.0645E-2	1.7925E+2	2.1099E-1	-8.7265E+1	-5.4431E+1	-6.5596E+1	-6.2445E+1
3.2595E+3	-4.0925E-2	1.7920E+2	2.2412E-1	-8.6217E+1	-5.3914E+1	-6.4854E+1	-6.1986E+1
3.4951E+3	-4.1180E-2	1.7914E+2	2.3791E-1	-8.5163E+1	-5.3381E+1	-6.4181E+1	-6.1649E+1
3.7476E+3	-4.1459E-2	1.7908E+2	2.5214E-1	-8.3933E+1	-5.2872E+1	-6.3530E+1	-6.1258E+1
4.0185E+3	-4.1796E-2	1.7901E+2	2.6748E-1	-8.3102E+1	-5.2340E+1	-6.2897E+1	-6.0957E+1
4.3089E+3	-4.2147E-2	1.7894E+2	2.8224E-1	-8.2355E+1	-5.1841E+1	-6.2481E+1	-6.0703E+1
4.6203E+3	-4.2512E-2	1.7886E+2	3.0092E-1	-8.0883E+1	-5.1284E+1	-6.1730E+1	-6.0295E+1
4.9542E+3	-4.2951E-2	1.7877E+2	3.1952E-1	-7.9462E+1	-5.0746E+1	-6.1084E+1	-6.0011E+1
5.3122E+3	-4.3453E-2	1.7869E+2	3.3823E-1	-7.8332E+1	-5.0243E+1	-6.0498E+1	-5.9679E+1
5.6961E+3	-4.3969E-2	1.7859E+2	3.5824E-1	-7.7079E+1	-4.9732E+1	-5.9880E+1	-5.9398E+1
6.1077E+3	-4.4616E-2	1.7849E+2	3.7933E-1	-7.5863E+1	-4.9232E+1	-5.9245E+1	-5.9072E+1
6.5491E+3	-4.5343E-2	1.7838E+2	4.0208E-1	-7.4594E+1	-4.8719E+1	-5.8583E+1	-5.8810E+1
7.0224E+3	-4.6120E-2	1.7826E+2	4.2509E-1	-7.3494E+1	-4.8228E+1	-5.7957E+1	-5.8583E+1
7.5299E+3	-4.7054E-2	1.7813E+2	4.4963E-1	-7.2516E+1	-4.7733E+1	-5.7358E+1	-5.8327E+1
8.0740E+3	-4.8014E-2	1.7800E+2	4.7524E-1	-7.1358E+1	-4.7229E+1	-5.6800E+1	-5.8253E+1
8.6575E+3	-4.9175E-2	1.7785E+2	5.0170E-1	-7.0279E+1	-4.6729E+1	-5.6327E+1	-5.8218E+1
9.2832E+3	-5.0438E-2	1.7770E+2	5.2944E-1	-6.9203E+1	-4.6237E+1	-5.5795E+1	-5.8264E+1
9.9540E+3	-5.1817E-2	1.7753E+2	5.5782E-1	-6.8277E+1	-4.5758E+1	-5.5321E+1	-5.8313E+1
1.0673E+4	-5.3396E-2	1.7735E+2	5.8672E-1	-6.7351E+1	-4.5286E+1	-5.4898E+1	-5.8553E+1
1.1445E+4	-5.5137E-2	1.7716E+2	6.1531E-1	-6.6446E+1	-4.4842E+1	-5.4514E+1	-5.8854E+1
1.2272E+4	-5.7090E-2	1.7695E+2	6.4435E-1	-6.5583E+1	-4.4412E+1	-5.4136E+1	-5.9306E+1
1.3159E+4	-5.9284E-2	1.7673E+2	6.7360E-1	-6.4841E+1	-4.3992E+1	-5.3805E+1	-6.0007E+1
1.4110E+4	-6.1722E-2	1.7650E+2	6.9950E-1	-6.4046E+1	-4.3644E+1	-5.3445E+1	-6.0979E+1
1.5129E+4	-6.4488E-2	1.7625E+2	7.2673E-1	-6.3251E+1	-4.3298E+1	-5.3047E+1	-6.2288E+1
1.6223E+4	-6.7621E-2	1.7598E+2	7.5371E-1	-6.2414E+1	-4.2977E+1	-5.2623E+1	-6.4127E+1
1.7395E+4	-7.1149E-2	1.7569E+2	7.8115E-1	-6.1591E+1	-4.2675E+1	-5.2162E+1	-6.6278E+1
1.8652E+4	-7.5099E-2	1.7537E+2	8.0960E-1	-6.0702E+1	-4.2390E+1	-5.1651E+1	-6.7509E+1
2.0000E+4	-7.9584E-2	1.7504E+2	8.3937E-1	-5.9761E+1	-4.2111E+1	-5.1120E+1	-6.7858E+1
