%	Date:	2010-12-17	Time:	18:43:52
%	Sampling frequency		[Hz]:	204800
%	Generator amplitude		[V]:	0.20000
%	Settle time		[s]:	0.025000
%	Settle cycles:			5
%	Integration time		[s]:	0.025000
%	Integration cycles:			5
% Freq.	Amplitude	Phase	THD	HD 2	HD 3	HD 4	HD 5
% [Hz]	[dB]	[deg]	[%]	[dB ref fund]	[dB ref fund]	[dB ref fund]	[dB ref fund]
1.0000E+1	7.5141E-4	4.5966E-2	1.3685E-3	-1.0481E+2	-1.0650E+2	-1.1817E+2	-9.8850E+1
1.0822E+1	1.0202E-3	4.3162E-2	9.7583E-4	-1.0259E+2	-1.0563E+2	-1.1458E+2	-1.1031E+2
1.1712E+1	1.2921E-3	4.0255E-2	8.9621E-4	-1.0558E+2	-1.0600E+2	-1.1014E+2	-1.0747E+2
1.2676E+1	1.5621E-3	3.7616E-2	1.1751E-3	-1.0537E+2	-1.0470E+2	-1.0170E+2	-1.1122E+2
1.3718E+1	1.7423E-3	3.5053E-2	8.7090E-4	-1.0524E+2	-1.0424E+2	-1.3629E+2	-1.1084E+2
1.4846E+1	1.9124E-3	3.2656E-2	8.6807E-4	-1.0573E+2	-1.0596E+2	-1.0782E+2	-1.1170E+2
1.6067E+1	2.0602E-3	3.0372E-2	1.3329E-3	-1.0562E+2	-9.8343E+1	-1.1549E+2	-1.1996E+2
1.7388E+1	2.1796E-3	2.8026E-2	7.0420E-4	-1.0550E+2	-1.0794E+2	-1.2099E+2	-1.1345E+2
1.8818E+1	2.3100E-3	2.6036E-2	6.2060E-4	-1.0700E+2	-1.1038E+2	-1.1562E+2	-1.1176E+2
2.0366E+1	2.4065E-3	2.4212E-2	8.7430E-4	-1.0704E+2	-1.0353E+2	-1.1380E+2	-1.1087E+2
2.2041E+1	2.5230E-3	2.2281E-2	9.3469E-4	-1.0324E+2	-1.0448E+2	-1.2247E+2	-1.1432E+2
2.3853E+1	2.5961E-3	2.0548E-2	1.2541E-3	-9.9223E+1	-1.0714E+2	-1.1652E+2	-1.0792E+2
2.5815E+1	2.6453E-3	1.9062E-2	1.6231E-3	-9.6336E+1	-1.0647E+2	-1.1664E+2	-1.1204E+2
2.7938E+1	2.7091E-3	1.7589E-2	1.0035E-3	-1.0149E+2	-1.0740E+2	-1.1741E+2	-1.1012E+2
3.0235E+1	2.7343E-3	1.6102E-2	8.2311E-4	-1.0742E+2	-1.0440E+2	-1.0983E+2	-1.1531E+2
3.2722E+1	2.7918E-3	1.4922E-2	9.1123E-4	-1.0272E+2	-1.0554E+2	-1.1933E+2	-1.2277E+2
3.5413E+1	2.8132E-3	1.3662E-2	8.7245E-4	-1.0620E+2	-1.0676E+2	-1.1206E+2	-1.0606E+2
3.8325E+1	2.8663E-3	1.2568E-2	1.1536E-3	-1.0306E+2	-1.0250E+2	-1.0793E+2	-1.0948E+2
4.1477E+1	2.8972E-3	1.1447E-2	9.3610E-4	-1.0480E+2	-1.0422E+2	-1.2290E+2	-1.0792E+2
4.4888E+1	2.8990E-3	1.0464E-2	7.5065E-4	-1.0656E+2	-1.0551E+2	-1.1977E+2	-1.1292E+2
4.8579E+1	2.9203E-3	9.5776E-3	1.1578E-3	-1.0565E+2	-1.0050E+2	-1.0982E+2	-1.1143E+2
5.2575E+1	2.9594E-3	8.4553E-3	1.1779E-3	-1.0367E+2	-1.0098E+2	-1.1835E+2	-1.0839E+2
5.6898E+1	2.9490E-3	7.8407E-3	6.5082E-4	-1.0747E+2	-1.1109E+2	-1.1509E+2	-1.0868E+2
6.1577E+1	2.9851E-3	7.1774E-3	1.2204E-3	-9.9648E+1	-1.0572E+2	-1.1512E+2	-1.0973E+2
6.6641E+1	2.9623E-3	6.5213E-3	6.6445E-4	-1.0992E+2	-1.0543E+2	-1.2126E+2	-1.1337E+2
7.2122E+1	3.0131E-3	5.7054E-3	1.0839E-3	-1.0125E+2	-1.0463E+2	-1.1340E+2	-1.1453E+2
7.8053E+1	2.9861E-3	4.9490E-3	9.3947E-4	-1.0524E+2	-1.0282E+2	-1.1312E+2	-1.1910E+2
8.4472E+1	3.0245E-3	4.3062E-3	9.9498E-4	-1.0764E+2	-1.0351E+2	-1.1160E+2	-1.0518E+2
9.1418E+1	3.0253E-3	3.7479E-3	1.0003E-3	-1.0402E+2	-1.0450E+2	-1.1720E+2	-1.0637E+2
9.8936E+1	2.9974E-3	3.0766E-3	6.9227E-4	-1.1099E+2	-1.0618E+2	-1.1308E+2	-1.0962E+2
1.0707E+2	3.0488E-3	2.6064E-3	1.0078E-3	-1.0331E+2	-1.0381E+2	-1.1207E+2	-1.1145E+2
1.1588E+2	2.9929E-3	2.0548E-3	1.0708E-3	-1.0206E+2	-1.0404E+2	-1.0923E+2	-1.1983E+2
1.2541E+2	3.0447E-3	1.3640E-3	1.1125E-3	-1.0252E+2	-1.0428E+2	-1.0856E+2	-1.0781E+2
1.3572E+2	3.0448E-3	1.1053E-3	1.3215E-3	-1.0134E+2	-1.0243E+2	-1.0431E+2	-1.1152E+2
1.4688E+2	3.0083E-3	2.2359E-4	1.1578E-3	-1.0134E+2	-1.0408E+2	-1.0927E+2	-1.1013E+2
1.5896E+2	3.0721E-3	-1.0547E-4	1.4709E-3	-9.8329E+1	-1.0222E+2	-1.1175E+2	-1.1557E+2
1.7203E+2	3.0597E-3	-3.2127E-4	7.3293E-4	-1.0828E+2	-1.0600E+2	-1.0951E+2	-1.1595E+2
1.8618E+2	3.0667E-3	-1.4715E-3	1.3397E-3	-9.9025E+1	-1.0518E+2	-1.0988E+2	-1.0865E+2
2.0149E+2	3.0036E-3	-1.6815E-3	5.3512E-4	-1.2217E+2	-1.0628E+2	-1.1478E+2	-1.1932E+2
2.1806E+2	2.9964E-3	-2.1899E-3	1.7757E-3	-9.6295E+1	-1.0146E+2	-1.1151E+2	-1.1675E+2
2.3600E+2	3.0609E-3	-2.8999E-3	1.4664E-3	-9.9540E+1	-1.0038E+2	-1.1383E+2	-1.1089E+2
2.5540E+2	3.0528E-3	-3.4183E-3	9.9161E-4	-1.0064E+2	-1.1379E+2	-1.1368E+2	-1.1450E+2
2.7641E+2	3.0441E-3	-3.8279E-3	1.1171E-3	-1.0128E+2	-1.0431E+2	-1.1007E+2	-1.1457E+2
2.9914E+2	3.0839E-3	-4.4252E-3	9.9265E-4	-1.0256E+2	-1.0451E+2	-1.2693E+2	-1.1127E+2
3.2374E+2	3.0512E-3	-5.1962E-3	1.1325E-3	-1.0019E+2	-1.0559E+2	-1.1633E+2	-1.1582E+2
3.5036E+2	3.0254E-3	-5.8181E-3	1.2923E-3	-9.9919E+1	-1.0228E+2	-1.2261E+2	-1.1265E+2
3.7918E+2	3.0286E-3	-6.5639E-3	9.2803E-4	-1.0343E+2	-1.0445E+2	-1.1480E+2	-1.1812E+2
4.1036E+2	3.0355E-3	-7.2345E-3	5.7698E-4	-1.2054E+2	-1.0718E+2	-1.1465E+2	-1.1007E+2
4.4411E+2	3.0896E-3	-8.1963E-3	7.2981E-4	-1.0662E+2	-1.0798E+2	-1.1688E+2	-1.0870E+2
4.8063E+2	3.0638E-3	-8.9426E-3	7.3381E-4	-1.0874E+2	-1.0623E+2	-1.2313E+2	-1.0791E+2
5.2015E+2	3.0895E-3	-9.6169E-3	9.7083E-4	-1.0222E+2	-1.0567E+2	-1.2044E+2	-1.1198E+2
5.6293E+2	3.0571E-3	-1.0706E-2	8.4737E-4	-1.0357E+2	-1.0758E+2	-1.1007E+2	-1.2284E+2
6.0922E+2	3.0860E-3	-1.1918E-2	7.7118E-4	-1.0765E+2	-1.0471E+2	-1.2080E+2	-1.1116E+2
6.5932E+2	3.0391E-3	-1.2747E-2	6.8595E-4	-1.0727E+2	-1.0645E+2	-1.1668E+2	-1.1452E+2
7.1355E+2	3.0855E-3	-1.3902E-2	7.5890E-4	-1.0507E+2	-1.0739E+2	-1.1272E+2	-1.1541E+2
7.7223E+2	3.0692E-3	-1.5390E-2	8.2456E-4	-1.0313E+2	-1.0900E+2	-1.2055E+2	-1.1232E+2
8.3573E+2	3.0864E-3	-1.6827E-2	6.8860E-4	-1.0665E+2	-1.0898E+2	-1.1350E+2	-1.1062E+2
9.0446E+2	3.0695E-3	-1.8055E-2	1.1144E-3	-1.0355E+2	-1.0285E+2	-1.1789E+2	-1.0577E+2
9.7884E+2	3.0495E-3	-1.9861E-2	7.6614E-4	-1.0478E+2	-1.0673E+2	-1.2064E+2	-1.1479E+2
1.0593E+3	3.0441E-3	-2.1438E-2	1.0008E-3	-1.0375E+2	-1.0289E+2	-1.2195E+2	-1.1223E+2
1.1465E+3	3.0667E-3	-2.3344E-2	5.8725E-4	-1.0802E+2	-1.1185E+2	-1.1753E+2	-1.0982E+2
1.2407E+3	3.0518E-3	-2.5334E-2	8.4366E-4	-1.0472E+2	-1.0974E+2	-1.0948E+2	-1.0808E+2
1.3428E+3	3.0611E-3	-2.7616E-2	9.1162E-4	-1.0348E+2	-1.0481E+2	-1.1482E+2	-1.1734E+2
1.4532E+3	3.0597E-3	-2.9918E-2	7.4471E-4	-1.0575E+2	-1.0705E+2	-1.1375E+2	-1.1308E+2
1.5727E+3	3.0841E-3	-3.2302E-2	6.6783E-4	-1.1050E+2	-1.0521E+2	-1.1514E+2	-1.1600E+2
1.7020E+3	3.0745E-3	-3.5021E-2	8.7963E-4	-1.0466E+2	-1.0505E+2	-1.1335E+2	-1.1136E+2
1.8420E+3	3.0573E-3	-3.7956E-2	1.1486E-3	-1.0432E+2	-1.0203E+2	-1.2607E+2	-1.0493E+2
1.9935E+3	3.0570E-3	-4.1117E-2	7.0056E-4	-1.0631E+2	-1.0861E+2	-1.1142E+2	-1.1328E+2
2.1574E+3	3.0261E-3	-4.4516E-2	5.1814E-4	-1.0910E+2	-1.1019E+2	-1.1538E+2	-1.1682E+2
2.3349E+3	3.0224E-3	-4.8210E-2	7.9150E-4	-1.0522E+2	-1.0782E+2	-1.1331E+2	-1.0942E+2
2.5269E+3	3.0284E-3	-5.2266E-2	7.5906E-4	-1.0868E+2	-1.0509E+2	-1.1328E+2	-1.1077E+2
2.7347E+3	3.0410E-3	-5.6427E-2	8.3364E-4	-1.0507E+2	-1.0683E+2	-1.1571E+2	-1.0826E+2
2.9596E+3	3.0275E-3	-6.1175E-2	7.1905E-4	-1.0717E+2	-1.0717E+2	-1.1349E+2	-1.1053E+2
3.2030E+3	3.0253E-3	-6.6452E-2	8.9865E-4	-1.1039E+2	-1.0368E+2	-1.1320E+2	-1.0621E+2
3.4664E+3	3.0148E-3	-7.1730E-2	5.4716E-4	-1.0741E+2	-1.1532E+2	-1.2173E+2	-1.1088E+2
3.7514E+3	2.9610E-3	-7.7756E-2	7.1026E-4	-1.0810E+2	-1.0719E+2	-1.1365E+2	-1.0937E+2
4.0599E+3	2.9454E-3	-8.4184E-2	9.2397E-4	-1.0605E+2	-1.0377E+2	-1.1089E+2	-1.0980E+2
4.3938E+3	2.9651E-3	-9.1047E-2	7.3060E-4	-1.0773E+2	-1.0465E+2	-1.2104E+2	-1.1827E+2
4.7552E+3	2.9160E-3	-9.8461E-2	8.3248E-4	-1.1654E+2	-1.0315E+2	-1.1202E+2	-1.0907E+2
5.1462E+3	2.8769E-3	-1.0655E-1	6.8318E-4	-1.0915E+2	-1.0578E+2	-1.1486E+2	-1.1316E+2
5.5694E+3	2.8634E-3	-1.1528E-1	8.7104E-4	-1.0615E+2	-1.0329E+2	-1.1554E+2	-1.1720E+2
6.0274E+3	2.7710E-3	-1.2477E-1	1.0163E-3	-1.0772E+2	-1.0317E+2	-1.0883E+2	-1.0600E+2
6.5231E+3	2.7460E-3	-1.3493E-1	8.8922E-4	-1.0915E+2	-1.0378E+2	-1.2133E+2	-1.0615E+2
7.0596E+3	2.6742E-3	-1.4611E-1	6.0746E-4	-1.0930E+2	-1.0819E+2	-1.1321E+2	-1.1284E+2
7.6401E+3	2.5980E-3	-1.5821E-1	7.0267E-4	-1.1495E+2	-1.0381E+2	-1.1903E+2	-1.1480E+2
8.2684E+3	2.5184E-3	-1.7096E-1	7.2925E-4	-1.0678E+2	-1.0562E+2	-1.1881E+2	-1.1456E+2
8.9484E+3	2.3894E-3	-1.8502E-1	7.0024E-4	-1.1163E+2	-1.0471E+2	-1.1376E+2	-1.1381E+2
9.6843E+3	2.2965E-3	-1.9992E-1	1.0897E-3	-1.0695E+2	-1.0110E+2	-1.1155E+2	-1.0854E+2
1.0481E+4	2.1704E-3	-2.1623E-1	1.1941E-3	-1.0199E+2	-1.0309E+2	-1.1158E+2	-1.0632E+2
1.1343E+4	1.9875E-3	-2.3383E-1	7.4651E-4	-1.1049E+2	-1.0863E+2	-1.1268E+2	-1.0558E+2
1.2275E+4	1.8170E-3	-2.5265E-1	8.2954E-4	-1.0516E+2	-1.0872E+2	-1.1813E+2	-1.0632E+2
1.3285E+4	1.5907E-3	-2.7311E-1	6.6565E-4	-1.0544E+2	-1.2387E+2	-1.3069E+2	-1.0817E+2
1.4377E+4	1.4138E-3	-2.9515E-1	7.4432E-4	-1.1452E+2	-1.0583E+2	-1.1758E+2	-1.0619E+2
1.5560E+4	1.1501E-3	-3.1893E-1	1.2034E-3	-9.8975E+1	-1.0898E+2	-1.1464E+2	-1.1669E+2
1.6839E+4	8.7018E-4	-3.4429E-1	1.2411E-3	-9.8784E+1	-1.2143E+2	-1.0765E+2	-1.1422E+2
1.8224E+4	5.4698E-4	-3.7188E-1	1.0882E-3	-1.0045E+2	-1.1248E+2	-1.1198E+2	-1.0789E+2
1.9723E+4	3.3669E-4	-4.0945E-1	1.4918E-2	-7.9793E+1	-8.1501E+1	-8.4685E+1	-8.8900E+1
2.1345E+4	-1.8174E-4	-4.3287E-1	1.5490E-3	-9.6500E+1	-1.1829E+2	-1.0836E+2	NaN
2.3100E+4	-6.6020E-4	-4.6667E-1	1.6418E-3	-9.6643E+1	-1.0569E+2	-1.0586E+2	NaN
2.5000E+4	-1.1326E-3	-5.0333E-1	1.7252E-3	-9.5740E+1	-1.0675E+2	-1.1008E+2	NaN
