%	Date:	2010-12-17	Time:	18:46:36
%	Sampling frequency		[Hz]:	204800
%	Generator amplitude		[V]:	2.0000
%	Settle time		[s]:	0.025000
%	Settle cycles:			5
%	Integration time		[s]:	0.025000
%	Integration cycles:			5
% Freq.	Amplitude	Phase	THD	HD 2	HD 3	HD 4	HD 5
% [Hz]	[dB]	[deg]	[%]	[dB ref fund]	[dB ref fund]	[dB ref fund]	[dB ref fund]
1.0000E+1	-4.9926E+1	-5.0742E-2	1.1105E+0	-4.2962E+1	-6.3632E+1	-6.0670E+1	-4.1459E+1
1.0822E+1	-4.9921E+1	-1.3446E-2	7.4119E-1	-4.2700E+1	-6.0586E+1	-6.5361E+1	-7.1872E+1
1.1712E+1	-4.9918E+1	-5.1907E-2	7.4192E-1	-4.3042E+1	-6.3054E+1	-5.3093E+1	-8.1067E+1
1.2676E+1	-4.9925E+1	-1.5690E-2	9.0539E-1	-4.3111E+1	-6.1901E+1	-4.4886E+1	-8.3608E+1
1.3718E+1	-4.9893E+1	-1.3914E-1	5.7608E-1	-4.5086E+1	-5.8314E+1	-6.2759E+1	-6.7498E+1
1.4846E+1	-4.9916E+1	-1.2616E-2	7.0397E-1	-4.3093E+1	-6.4292E+1	-6.9326E+1	-7.8422E+1
1.6067E+1	-4.9919E+1	-7.4868E-3	8.0041E-1	-4.3051E+1	-4.8451E+1	-6.7041E+1	-7.3357E+1
1.7388E+1	-4.9918E+1	2.8574E-3	7.5479E-1	-4.3110E+1	-5.1046E+1	-6.6461E+1	-7.8148E+1
1.8818E+1	-4.9918E+1	5.8410E-3	8.7129E-1	-4.3069E+1	-6.8395E+1	-6.6978E+1	-4.5809E+1
2.0366E+1	-4.9918E+1	4.0129E-3	3.4142E+0	-4.3262E+1	-6.1138E+1	-6.3370E+1	-2.9518E+1
2.2041E+1	-4.9918E+1	-1.5708E-3	6.7478E-1	-4.3619E+1	-6.1435E+1	-6.1813E+1	-6.1572E+1
2.3853E+1	-4.9918E+1	6.9577E-3	2.1728E+0	-4.1621E+1	-6.2373E+1	-3.3951E+1	-7.0378E+1
2.5815E+1	-4.9917E+1	4.3160E-3	2.8831E+0	-4.9936E+1	-6.0699E+1	-3.0861E+1	-6.9245E+1
2.7938E+1	-4.9916E+1	7.1858E-3	6.8765E-1	-4.3491E+1	-6.2362E+1	-7.9314E+1	-5.7140E+1
3.0235E+1	-4.9916E+1	2.0796E-2	3.7890E+0	-4.3174E+1	-4.4370E+1	-6.6357E+1	-2.8694E+1
3.2722E+1	-4.9917E+1	2.1466E-2	3.5524E+0	-4.3017E+1	-2.9165E+1	-7.1812E+1	-6.8765E+1
3.5413E+1	-4.9915E+1	1.5518E-2	2.7453E+0	-4.3075E+1	-3.2856E+1	-3.7300E+1	-7.1917E+1
3.8325E+1	-4.9909E+1	3.8067E-2	3.4178E+0	-4.3096E+1	-6.4327E+1	-2.9514E+1	-6.5483E+1
4.1477E+1	-4.9933E+1	1.9134E-2	6.6618E-1	-4.3735E+1	-6.5577E+1	-5.9213E+1	-6.2288E+1
4.4888E+1	-4.9891E+1	-9.2949E-2	2.1608E+0	-3.3427E+1	-4.9128E+1	-6.4225E+1	-7.0446E+1
4.8579E+1	-4.9949E+1	1.0508E-1	5.5731E+0	-2.7503E+1	-2.9776E+1	-5.9479E+1	-3.5610E+1
5.2575E+1	-4.9889E+1	1.6713E-1	3.8274E+0	-3.1209E+1	-3.1979E+1	-6.3899E+1	-4.1336E+1
5.6898E+1	-4.9886E+1	3.5142E-2	1.6735E+0	-3.5678E+1	-5.5384E+1	-5.7446E+1	-5.3120E+1
6.1577E+1	-4.9910E+1	1.1579E-1	2.7942E+0	-4.3687E+1	-6.3348E+1	-3.1594E+1	-4.3495E+1
6.6641E+1	-4.9907E+1	-1.0566E-1	1.3201E+0	-3.9471E+1	-5.5749E+1	-4.2839E+1	-5.1787E+1
7.2122E+1	-4.9914E+1	2.6408E-2	4.0288E+0	-2.8080E+1	-5.7033E+1	-4.4464E+1	-4.5344E+1
7.8053E+1	-4.9933E+1	-4.4171E-1	3.3494E+0	-2.9842E+1	-4.3688E+1	-4.4893E+1	-5.0194E+1
8.4472E+1	-5.0011E+1	9.9187E-1	2.8609E+0	-3.3868E+1	-3.4141E+1	-4.6526E+1	-6.3055E+1
9.1418E+1	-5.0173E+1	-6.7623E-1	1.9281E+0	-4.2940E+1	-4.5452E+1	-4.7417E+1	-3.5617E+1
9.8936E+1	-4.9671E+1	-1.3140E+0	1.0442E+0	-4.5403E+1	-4.1676E+1	-5.0082E+1	-5.6144E+1
1.0707E+2	-5.0145E+1	1.3038E+0	2.7825E+0	-3.9865E+1	-4.6072E+1	-4.1549E+1	-3.2393E+1
1.1588E+2	-4.9810E+1	1.0354E+0	2.3660E+0	-3.6137E+1	-4.3034E+1	-3.7963E+1	-3.9713E+1
1.2541E+2	-4.9745E+1	3.5926E-2	2.6093E+0	-3.3770E+1	-4.7653E+1	-5.2921E+1	-3.6220E+1
1.3572E+2	-4.9970E+1	1.9890E+0	4.5867E+0	-3.4300E+1	-4.6098E+1	-3.0313E+1	-3.1095E+1
1.4688E+2	-4.9839E+1	-2.2003E+0	5.1788E+0	-3.5123E+1	-3.5648E+1	-2.9771E+1	-2.9797E+1
1.5896E+2	-4.9662E+1	1.1161E+0	2.2825E+0	-3.9356E+1	-3.8853E+1	-3.7568E+1	-4.0015E+1
1.7203E+2	-4.9788E+1	1.4449E+0	4.5534E+0	-3.6055E+1	-3.5011E+1	-2.9492E+1	-3.4137E+1
1.8618E+2	-4.9824E+1	-9.3976E-1	2.8024E+0	-3.8646E+1	-3.4461E+1	-3.6606E+1	-4.1409E+1
2.0149E+2	-4.9935E+1	-3.3221E-1	3.2270E+0	-4.1547E+1	-3.0584E+1	-4.0234E+1	-5.6388E+1
2.1806E+2	-4.9766E+1	1.5330E-1	3.0344E+0	-3.4535E+1	-3.7124E+1	-3.7084E+1	-3.7467E+1
2.3600E+2	-5.0022E+1	-5.9315E-1	3.4739E+0	-3.5369E+1	-3.1294E+1	-4.5058E+1	-3.8453E+1
2.5540E+2	-5.0022E+1	1.2560E+0	3.1835E+0	-3.9397E+1	-3.1024E+1	-5.2347E+1	-3.9882E+1
2.7641E+2	-4.9857E+1	7.0272E-2	2.7493E+0	-3.5657E+1	-3.5813E+1	-4.0723E+1	-3.8627E+1
2.9914E+2	-4.9879E+1	-2.5183E-2	3.1896E+0	-3.0415E+1	-4.0633E+1	-4.8058E+1	-5.1926E+1
3.2374E+2	-4.9818E+1	-3.1750E-1	2.0750E+0	-3.7179E+1	-4.4557E+1	-3.7020E+1	-5.2618E+1
3.5036E+2	-4.9966E+1	5.7489E-1	3.5133E+0	-2.9395E+1	-4.8655E+1	-4.1827E+1	-5.2531E+1
3.7918E+2	-4.9894E+1	-3.6579E-1	2.3818E+0	-3.3378E+1	-4.2722E+1	-4.3450E+1	-5.0351E+1
4.1036E+2	-4.9916E+1	-2.3827E-1	2.4930E+0	-3.4889E+1	-3.6133E+1	-4.2817E+1	-5.9213E+1
4.4411E+2	-4.9850E+1	-8.3142E-1	1.4498E+0	-4.2065E+1	-3.9607E+1	-4.5418E+1	-5.0065E+1
4.8063E+2	-4.9954E+1	5.8479E-1	1.4247E+0	-3.9615E+1	-4.2243E+1	-4.8737E+1	-4.6847E+1
5.2015E+2	-5.0040E+1	6.4363E-1	8.0784E-1	-4.2839E+1	-5.1450E+1	-5.7166E+1	-5.3803E+1
5.6293E+2	-4.9953E+1	-8.1026E-1	8.5002E-1	-4.3117E+1	-5.4983E+1	-5.1516E+1	-4.8780E+1
6.0922E+2	-4.9666E+1	-4.6530E-1	7.8898E-1	-4.8054E+1	-5.1140E+1	-4.6436E+1	-4.7909E+1
6.5932E+2	-4.9920E+1	3.3276E-1	9.1729E-1	-4.2198E+1	-5.8106E+1	-4.7176E+1	-5.5011E+1
7.1355E+2	-4.9999E+1	-1.1345E+0	9.1103E-1	-4.2433E+1	-5.0343E+1	-4.7852E+1	-6.6129E+1
7.7223E+2	-5.0044E+1	-1.3681E+0	9.7196E-1	-4.0888E+1	-5.2298E+1	-6.3985E+1	-5.1755E+1
8.3573E+2	-5.0063E+1	3.1469E-1	6.0971E-1	-5.3199E+1	-4.5975E+1	-5.2904E+1	-5.6989E+1
9.0446E+2	-4.9978E+1	3.6261E-1	9.3192E-1	-4.1528E+1	-4.9891E+1	-5.2916E+1	-5.9404E+1
9.7884E+2	-4.9854E+1	-1.2696E-2	2.7169E-1	-5.6534E+1	-5.8751E+1	-5.7393E+1	-5.6980E+1
1.0593E+3	-4.9906E+1	-7.0014E-2	8.4900E-1	-4.2603E+1	-4.8948E+1	-5.3554E+1	-7.8064E+1
1.1465E+3	-4.9848E+1	3.1130E-1	9.4354E-1	-4.0907E+1	-5.1525E+1	-6.1805E+1	-6.7430E+1
1.2407E+3	-4.9887E+1	-9.2751E-1	1.1438E+0	-3.9095E+1	-5.2752E+1	-5.7110E+1	-6.3836E+1
1.3428E+3	-4.9942E+1	4.1003E-2	8.8446E-1	-4.1921E+1	-4.8786E+1	-6.2100E+1	-6.8828E+1
1.4532E+3	-4.9990E+1	-7.7435E-2	3.4227E-1	-5.3487E+1	-5.1901E+1	-6.1284E+1	-7.4448E+1
1.5727E+3	-4.9910E+1	-3.7080E-1	5.7899E-1	-4.5291E+1	-5.6022E+1	-8.0224E+1	-5.8416E+1
1.7020E+3	-4.9894E+1	2.1201E-1	3.5809E-1	-5.0115E+1	-5.6877E+1	-5.9936E+1	-7.7853E+1
1.8420E+3	-4.9910E+1	-2.6314E-1	6.0371E-1	-4.4465E+1	-7.4471E+1	-6.2356E+1	-7.2156E+1
1.9935E+3	-4.9921E+1	-1.1666E-1	6.5312E-1	-4.3899E+1	-5.8658E+1	-6.2823E+1	-7.5589E+1
2.1574E+3	-4.9908E+1	-2.1584E-1	6.2191E-1	-4.4155E+1	-6.9714E+1	-6.9155E+1	-7.4337E+1
2.3349E+3	-4.9885E+1	4.5829E-2	6.5976E-1	-4.3794E+1	-5.8587E+1	-6.4098E+1	-8.1731E+1
2.5269E+3	-4.9905E+1	-2.4701E-1	7.2789E-1	-4.2814E+1	-6.2515E+1	-7.1557E+1	-7.4330E+1
2.7347E+3	-4.9907E+1	-1.3729E-1	6.6336E-1	-4.3608E+1	-7.8401E+1	-6.4562E+1	-7.1728E+1
2.9596E+3	-4.9936E+1	-3.2337E-1	6.8278E-1	-4.3365E+1	-6.5677E+1	-6.6448E+1	-7.4091E+1
3.2030E+3	-4.9889E+1	-2.4897E-1	6.1521E-1	-4.4298E+1	-6.3411E+1	-6.7173E+1	-7.5224E+1
3.4664E+3	-4.9934E+1	-3.9971E-1	6.6045E-1	-4.3742E+1	-5.9596E+1	-6.8500E+1	-6.8896E+1
3.7514E+3	-4.9906E+1	-1.6364E-1	6.2577E-1	-4.4156E+1	-6.4102E+1	-6.4456E+1	-8.0467E+1
4.0599E+3	-4.9911E+1	-2.9272E-1	6.6062E-1	-4.3681E+1	-6.3226E+1	-6.5004E+1	-8.2191E+1
4.3938E+3	-4.9909E+1	-3.3726E-1	6.4868E-1	-4.3852E+1	-6.3064E+1	-6.5137E+1	-7.0393E+1
4.7552E+3	-4.9915E+1	-3.0426E-1	6.7565E-1	-4.3502E+1	-6.1140E+1	-6.6274E+1	-8.7600E+1
5.1462E+3	-4.9916E+1	-3.2459E-1	6.5283E-1	-4.3790E+1	-6.2072E+1	-6.7110E+1	-7.6386E+1
5.5694E+3	-4.9919E+1	-3.5223E-1	6.7785E-1	-4.3433E+1	-6.3417E+1	-6.9363E+1	-7.8288E+1
6.0274E+3	-4.9907E+1	-3.5746E-1	6.7787E-1	-4.3423E+1	-6.5425E+1	-6.7508E+1	-7.8581E+1
6.5231E+3	-4.9918E+1	-4.4329E-1	6.7533E-1	-4.3465E+1	-6.4039E+1	-6.7791E+1	-7.8626E+1
7.0596E+3	-4.9914E+1	-4.7969E-1	6.7543E-1	-4.3497E+1	-6.1411E+1	-6.7136E+1	-8.2571E+1
7.6401E+3	-4.9906E+1	-4.8754E-1	6.6405E-1	-4.3640E+1	-6.1838E+1	-6.7863E+1	-7.5080E+1
8.2684E+3	-4.9911E+1	-5.6277E-1	6.8313E-1	-4.3389E+1	-6.2236E+1	-6.6153E+1	-8.3441E+1
8.9484E+3	-4.9916E+1	-6.0761E-1	6.5720E-1	-4.3740E+1	-6.0864E+1	-7.0330E+1	-7.7921E+1
9.6843E+3	-4.9914E+1	-6.3163E-1	6.6310E-1	-4.3655E+1	-6.1937E+1	-6.7166E+1	-7.5018E+1
1.0481E+4	-4.9914E+1	-6.7692E-1	6.6600E-1	-4.3607E+1	-6.3694E+1	-6.5247E+1	-7.3263E+1
1.1343E+4	-4.9915E+1	-7.4435E-1	6.6182E-1	-4.3665E+1	-6.2159E+1	-6.8488E+1	-7.3347E+1
1.2275E+4	-4.9916E+1	-7.9025E-1	6.5344E-1	-4.3777E+1	-6.3189E+1	-6.6459E+1	-7.0634E+1
1.3285E+4	-4.9917E+1	-8.5150E-1	6.8349E-1	-4.3377E+1	-6.3196E+1	-6.5441E+1	-8.3953E+1
1.4377E+4	-4.9917E+1	-9.3245E-1	6.7494E-1	-4.3614E+1	-5.7356E+1	-6.7238E+1	-7.9526E+1
1.5560E+4	-4.9917E+1	-1.0100E+0	6.6534E-1	-4.3602E+1	-6.3199E+1	-6.8111E+1	-8.2835E+1
1.6839E+4	-4.9917E+1	-1.0942E+0	6.6663E-1	-4.3581E+1	-6.4011E+1	-6.7338E+1	-7.7820E+1
1.8224E+4	-4.9917E+1	-1.1816E+0	6.6289E-1	-4.3667E+1	-6.1357E+1	-6.6715E+1	-7.7719E+1
1.9723E+4	-4.9923E+1	-6.6239E-1	8.8271E-1	-5.4505E+1	-4.3574E+1	-4.7042E+1	-4.9709E+1
2.1345E+4	-4.9919E+1	-1.3807E+0	6.6389E-1	-4.3646E+1	-6.1587E+1	-6.7181E+1	NaN
2.3100E+4	-4.9919E+1	-1.4920E+0	6.7562E-1	-4.3510E+1	-6.0848E+1	-6.5916E+1	NaN
2.5000E+4	-4.9920E+1	-1.6063E+0	6.6223E-1	-4.3677E+1	-6.0475E+1	-7.1452E+1	NaN
