%	Date:	2010-12-17	Time:	18:45:44
%	Sampling frequency		[Hz]:	204800
%	Generator amplitude		[V]:	2.0000
%	Settle time		[s]:	0.025000
%	Settle cycles:			5
%	Integration time		[s]:	0.025000
%	Integration cycles:			5
% Freq.	Amplitude	Phase	THD	HD 2	HD 3	HD 4	HD 5
% [Hz]	[dB]	[deg]	[%]	[dB ref fund]	[dB ref fund]	[dB ref fund]	[dB ref fund]
1.0000E+1	-2.4915E+1	4.0403E-2	2.7639E-3	-9.2297E+1	-1.0279E+2	-1.0397E+2	-1.0086E+2
1.0822E+1	-2.4915E+1	3.9734E-2	9.8541E-4	-1.0263E+2	-1.0446E+2	-1.1588E+2	-1.1376E+2
1.1712E+1	-2.4915E+1	4.6037E-2	8.4861E-3	-8.3091E+1	-8.8298E+1	-9.1664E+1	-9.8781E+1
1.2676E+1	-2.4914E+1	3.4130E-2	1.2818E-3	-1.0214E+2	-1.0541E+2	-1.0140E+2	-1.1688E+2
1.3718E+1	-2.4914E+1	3.2533E-2	1.2694E-3	-1.0323E+2	-1.0165E+2	-1.0395E+2	-1.1314E+2
1.4846E+1	-2.4914E+1	2.7415E-2	1.4545E-3	-9.7259E+1	-1.1324E+2	-1.0796E+2	-1.1543E+2
1.6067E+1	-2.4914E+1	2.6861E-2	7.2590E-4	-1.0453E+2	-1.1104E+2	-1.1615E+2	-1.1145E+2
1.7388E+1	-2.4914E+1	2.4481E-2	1.1517E-3	-1.0278E+2	-1.0165E+2	-1.2037E+2	-1.0973E+2
1.8818E+1	-2.4914E+1	2.2376E-2	7.0115E-4	-1.0587E+2	-1.0874E+2	-1.1448E+2	-1.1197E+2
2.0366E+1	-2.4914E+1	2.0479E-2	1.1395E-3	-1.0798E+2	-1.0309E+2	-1.0972E+2	-1.0266E+2
2.2041E+1	-2.4913E+1	1.8392E-2	9.7463E-4	-1.0297E+2	-1.0564E+2	-1.2763E+2	-1.0768E+2
2.3853E+1	-2.4913E+1	1.6406E-2	7.8284E-4	-1.1443E+2	-1.0610E+2	-1.0929E+2	-1.0671E+2
2.5815E+1	-2.4913E+1	1.4780E-2	1.4130E-3	-9.8225E+1	-1.0514E+2	-1.0935E+2	-1.1157E+2
2.7938E+1	-2.4913E+1	1.2903E-2	8.8740E-4	-1.0869E+2	-1.0440E+2	-1.0583E+2	-1.1552E+2
3.0235E+1	-2.4913E+1	1.1411E-2	1.9991E-3	-1.0804E+2	-1.0917E+2	-1.0869E+2	-9.4457E+1
3.2722E+1	-2.4913E+1	9.8553E-3	1.1160E-3	-1.0372E+2	-1.0118E+2	-1.3849E+2	-1.1239E+2
3.5413E+1	-2.4913E+1	8.0888E-3	9.7528E-4	-1.0356E+2	-1.0934E+2	-1.0466E+2	-1.1281E+2
3.8325E+1	-2.4913E+1	6.6414E-3	1.7318E-3	-1.1024E+2	-1.0347E+2	-9.6384E+1	-1.0809E+2
4.1477E+1	-2.4913E+1	5.5035E-3	9.9572E-4	-1.0905E+2	-1.0235E+2	-1.1162E+2	-1.0664E+2
4.4888E+1	-2.4913E+1	3.6725E-3	8.9983E-4	-1.0346E+2	-1.0532E+2	-1.1314E+2	-1.1779E+2
4.8579E+1	-2.4913E+1	2.8385E-3	2.1919E-3	-9.7675E+1	-9.5375E+1	-1.0799E+2	-1.1428E+2
5.2575E+1	-2.4913E+1	5.2561E-4	1.5204E-3	-1.0263E+2	-9.8094E+1	-1.0968E+2	-1.0969E+2
5.6898E+1	-2.4913E+1	-3.7979E-4	1.4525E-3	-9.8988E+1	-1.0143E+2	-1.0936E+2	-1.1900E+2
6.1577E+1	-2.4913E+1	-1.4221E-3	1.3409E-3	-1.0325E+2	-1.0094E+2	-1.0331E+2	-1.1283E+2
6.6641E+1	-2.4913E+1	-2.9578E-3	1.4353E-3	-9.8030E+1	-1.0339E+2	-1.1821E+2	-1.1896E+2
7.2122E+1	-2.4913E+1	-4.4996E-3	1.2576E-3	-9.8729E+1	-1.0947E+2	-1.1112E+2	-1.1289E+2
7.8053E+1	-2.4913E+1	-5.9618E-3	2.0127E-3	-9.4242E+1	-1.0730E+2	-1.1357E+2	-1.1255E+2
8.4472E+1	-2.4913E+1	-7.1900E-3	1.0919E-3	-1.0671E+2	-1.0182E+2	-1.0725E+2	-1.0877E+2
9.1418E+1	-2.4913E+1	-8.6521E-3	1.3686E-3	-9.9735E+1	-1.0611E+2	-1.0850E+2	-1.0373E+2
9.8936E+1	-2.4913E+1	-1.0972E-2	1.3036E-3	-1.0520E+2	-9.9085E+1	-1.0921E+2	-1.1367E+2
1.0707E+2	-2.4913E+1	-1.1563E-2	1.1735E-3	-1.0193E+2	-1.0496E+2	-1.1774E+2	-1.0398E+2
1.1588E+2	-2.4913E+1	-1.3849E-2	7.8346E-4	-1.0493E+2	-1.2515E+2	-1.0641E+2	-1.1215E+2
1.2541E+2	-2.4913E+1	-1.5294E-2	1.2519E-3	-9.9803E+1	-1.0372E+2	-1.2685E+2	-1.1025E+2
1.3572E+2	-2.4913E+1	-1.7590E-2	1.2331E-3	-1.0042E+2	-1.0338E+2	-1.0891E+2	-1.1582E+2
1.4688E+2	-2.4913E+1	-1.9056E-2	1.5070E-3	-1.0019E+2	-1.0165E+2	-1.0848E+2	-1.0311E+2
1.5896E+2	-2.4913E+1	-2.0870E-2	1.8732E-3	-9.6522E+1	-1.0394E+2	-1.1355E+2	-1.0079E+2
1.7203E+2	-2.4913E+1	-2.4029E-2	1.6926E-3	-1.1408E+2	-9.8210E+1	-9.9724E+1	-1.0601E+2
1.8618E+2	-2.4913E+1	-2.5474E-2	1.8507E-3	-1.0089E+2	-9.6283E+1	-1.0830E+2	-1.0960E+2
2.0149E+2	-2.4913E+1	-2.8596E-2	1.3996E-3	-1.0456E+2	-9.9224E+1	-1.0418E+2	-1.1510E+2
2.1806E+2	-2.4913E+1	-3.1731E-2	1.5010E-3	-9.8545E+1	-1.0381E+2	-1.0781E+2	-1.0562E+2
2.3600E+2	-2.4913E+1	-3.4493E-2	9.9105E-4	-1.0200E+2	-1.1067E+2	-1.1177E+2	-1.0701E+2
2.5540E+2	-2.4913E+1	-3.8004E-2	1.1781E-3	-9.9261E+1	-1.1104E+2	-1.1184E+2	-1.1233E+2
2.7641E+2	-2.4913E+1	-4.1069E-2	2.0325E-3	-9.4917E+1	-1.0477E+2	-1.0745E+2	-1.0404E+2
2.9914E+2	-2.4913E+1	-4.4855E-2	1.3389E-3	-9.9224E+1	-1.0390E+2	-1.0734E+2	-1.2301E+2
3.2374E+2	-2.4913E+1	-4.9031E-2	9.2349E-4	-1.0666E+2	-1.0466E+2	-1.1739E+2	-1.0557E+2
3.5036E+2	-2.4913E+1	-5.3076E-2	1.6153E-3	-9.7569E+1	-1.0243E+2	-1.1338E+2	-1.0618E+2
3.7918E+2	-2.4913E+1	-5.7770E-2	2.1338E-3	-9.6895E+1	-9.7276E+1	-1.0862E+2	-1.0302E+2
4.1036E+2	-2.4913E+1	-6.2471E-2	8.7477E-4	-1.0481E+2	-1.0748E+2	-1.0912E+2	-1.0875E+2
4.4411E+2	-2.4913E+1	-6.7598E-2	1.3967E-3	-9.9287E+1	-1.0455E+2	-1.0443E+2	-1.1217E+2
4.8063E+2	-2.4913E+1	-7.3504E-2	2.0226E-3	-1.1355E+2	-1.0386E+2	-9.4609E+1	-1.0755E+2
5.2015E+2	-2.4913E+1	-8.0077E-2	1.0737E-3	-1.0091E+2	-1.0804E+2	-1.1047E+2	-1.1022E+2
5.6293E+2	-2.4913E+1	-8.6276E-2	7.9973E-4	-1.1002E+2	-1.0764E+2	-1.2315E+2	-1.0440E+2
6.0922E+2	-2.4913E+1	-9.3753E-2	1.2938E-3	-9.9711E+1	-1.0488E+2	-1.0633E+2	-1.1330E+2
6.5932E+2	-2.4913E+1	-1.0167E-1	2.1180E-3	-9.9921E+1	-9.4878E+1	-1.1034E+2	-1.0911E+2
7.1355E+2	-2.4913E+1	-1.0996E-1	1.1821E-3	-9.9485E+1	-1.0792E+2	-1.0972E+2	-1.2519E+2
7.7223E+2	-2.4913E+1	-1.1925E-1	1.0740E-3	-1.0150E+2	-1.0997E+2	-1.1212E+2	-1.0547E+2
8.3573E+2	-2.4913E+1	-1.2940E-1	7.6581E-4	-1.0329E+2	-1.1134E+2	-1.1551E+2	-1.1794E+2
9.0446E+2	-2.4913E+1	-1.4009E-1	9.7457E-4	-1.0152E+2	-1.1072E+2	-1.0927E+2	-1.1380E+2
9.7884E+2	-2.4913E+1	-1.5126E-1	2.0473E-3	-9.4748E+1	-1.0267E+2	-1.0966E+2	-1.0717E+2
1.0593E+3	-2.4913E+1	-1.6385E-1	1.3045E-3	-1.0414E+2	-9.9711E+1	-1.1595E+2	-1.0653E+2
1.1465E+3	-2.4913E+1	-1.7759E-1	1.0800E-3	-1.0236E+2	-1.0330E+2	-1.1900E+2	-1.0978E+2
1.2407E+3	-2.4913E+1	-1.9198E-1	9.4168E-4	-1.0336E+2	-1.0433E+2	-1.1952E+2	-1.1343E+2
1.3428E+3	-2.4913E+1	-2.0809E-1	9.9232E-4	-1.0297E+2	-1.0825E+2	-1.0673E+2	-1.0929E+2
1.4532E+3	-2.4913E+1	-2.2537E-1	1.1214E-3	-1.0073E+2	-1.1167E+2	-1.0576E+2	-1.1097E+2
1.5727E+3	-2.4913E+1	-2.4394E-1	9.3846E-4	-1.0127E+2	-1.1025E+2	-1.1470E+2	-1.2211E+2
1.7020E+3	-2.4913E+1	-2.6379E-1	1.1776E-3	-1.0141E+2	-1.0385E+2	-1.0781E+2	-1.1064E+2
1.8420E+3	-2.4913E+1	-2.8569E-1	1.1485E-3	-1.0085E+2	-1.0703E+2	-1.0829E+2	-1.0820E+2
1.9935E+3	-2.4913E+1	-3.0873E-1	1.1794E-3	-9.9652E+1	-1.0839E+2	-1.1051E+2	-1.1133E+2
2.1574E+3	-2.4913E+1	-3.3463E-1	1.2719E-3	-1.0107E+2	-1.0280E+2	-1.1407E+2	-1.0565E+2
2.3349E+3	-2.4913E+1	-3.6192E-1	1.2832E-3	-9.9834E+1	-1.0314E+2	-1.2200E+2	-1.0937E+2
2.5269E+3	-2.4913E+1	-3.9207E-1	1.2466E-3	-9.8512E+1	-1.1651E+2	-1.1483E+2	-1.1045E+2
2.7347E+3	-2.4913E+1	-4.2414E-1	1.1507E-3	-9.9898E+1	-1.0747E+2	-1.1574E+2	-1.1024E+2
2.9596E+3	-2.4913E+1	-4.5940E-1	1.9449E-3	-9.4788E+1	-1.0576E+2	-1.0805E+2	-1.1397E+2
3.2030E+3	-2.4913E+1	-4.9686E-1	1.8775E-3	-9.4823E+1	-1.0888E+2	-1.2427E+2	-1.1010E+2
3.4664E+3	-2.4913E+1	-5.3800E-1	2.2413E-3	-9.3664E+1	-1.0217E+2	-1.1066E+2	-1.1542E+2
3.7514E+3	-2.4913E+1	-5.8239E-1	1.8428E-3	-9.5408E+1	-1.1621E+2	-1.0419E+2	-1.0947E+2
4.0599E+3	-2.4913E+1	-6.3030E-1	2.6861E-3	-9.2020E+1	-1.0139E+2	-1.0949E+2	-1.1023E+2
4.3938E+3	-2.4913E+1	-6.8221E-1	2.9928E-3	-9.1580E+1	-9.9250E+1	-1.1324E+2	-1.0113E+2
4.7552E+3	-2.4913E+1	-7.3863E-1	2.5606E-3	-9.2576E+1	-1.0413E+2	-1.1072E+2	-1.0252E+2
5.1462E+3	-2.4913E+1	-7.9932E-1	3.6249E-3	-8.9127E+1	-1.0163E+2	-1.1377E+2	-1.0737E+2
5.5694E+3	-2.4913E+1	-8.6521E-1	3.7228E-3	-8.9050E+1	-1.0088E+2	-1.0779E+2	-1.0366E+2
6.0274E+3	-2.4913E+1	-9.3661E-1	4.2056E-3	-8.7785E+1	-1.0180E+2	-1.1129E+2	-1.0523E+2
6.5231E+3	-2.4913E+1	-1.0140E+0	5.1908E-3	-8.6193E+1	-9.5879E+1	-1.0627E+2	-1.1006E+2
7.0596E+3	-2.4913E+1	-1.0977E+0	5.4386E-3	-8.5713E+1	-9.6266E+1	-1.0451E+2	-1.1608E+2
7.6401E+3	-2.4913E+1	-1.1888E+0	6.7522E-3	-8.3975E+1	-9.2833E+1	-1.0622E+2	-1.0960E+2
8.2684E+3	-2.4913E+1	-1.2871E+0	7.8031E-3	-8.2677E+1	-9.2087E+1	-1.0349E+2	-1.0576E+2
8.9484E+3	-2.4914E+1	-1.3941E+0	8.9844E-3	-8.1537E+1	-9.0452E+1	-9.9464E+1	-1.0423E+2
9.6843E+3	-2.4914E+1	-1.5096E+0	1.0389E-2	-8.0196E+1	-8.9586E+1	-9.8693E+1	-1.1992E+2
1.0481E+4	-2.4914E+1	-1.6351E+0	1.1242E-2	-7.9633E+1	-8.8114E+1	-9.7427E+1	-1.0473E+2
1.1343E+4	-2.4914E+1	-1.7709E+0	1.3244E-2	-7.8084E+1	-8.7458E+1	-9.7929E+1	-1.0398E+2
1.2275E+4	-2.4915E+1	-1.9185E+0	1.4788E-2	-7.7399E+1	-8.5331E+1	-9.1894E+1	-1.0035E+2
1.3285E+4	-2.4915E+1	-2.0783E+0	1.7130E-2	-7.6085E+1	-8.4170E+1	-9.0738E+1	-1.0426E+2
1.4377E+4	-2.4916E+1	-2.2513E+0	1.9499E-2	-7.5369E+1	-8.0881E+1	-9.1664E+1	-9.8737E+1
1.5560E+4	-2.4916E+1	-2.4395E+0	2.0764E-2	-7.4494E+1	-8.1949E+1	-9.0058E+1	-9.6739E+1
1.6839E+4	-2.4917E+1	-2.6425E+0	2.2799E-2	-7.3593E+1	-8.1503E+1	-9.0413E+1	-9.5554E+1
1.8224E+4	-2.4919E+1	-2.8629E+0	2.4957E-2	-7.2801E+1	-8.0842E+1	-8.9242E+1	-9.4201E+1
1.9723E+4	-2.4923E+1	-3.0731E+0	5.5414E-2	-7.3338E+1	-6.9603E+1	-6.9841E+1	-7.3243E+1
2.1345E+4	-2.4922E+1	-3.3598E+0	3.0490E-2	-7.1074E+1	-7.8802E+1	-8.7690E+1	NaN
2.3100E+4	-2.4924E+1	-3.6391E+0	3.2228E-2	-7.0518E+1	-7.8673E+1	-8.8121E+1	NaN
2.5000E+4	-2.4927E+1	-3.9414E+0	3.4775E-2	-6.9810E+1	-7.8222E+1	-8.8520E+1	NaN
