%	Date:	2010-12-16	Time:	15:20:35
%	Sampling frequency		[Hz]:	204800
%	Generator amplitude		[V]:	2.0000
%	Settle time		[s]:	0.025000
%	Settle cycles:			5
%	Integration time		[s]:	0.025000
%	Integration cycles:			5
% Freq.	Amplitude	Phase	THD	HD 2	HD 3	HD 4	HD 5
% [Hz]	[dB]	[deg]	[%]	[dB ref fund]	[dB ref fund]	[dB ref fund]	[dB ref fund]
2.0000E+1	-3.9312E-2	-1.7843E+2	1.0084E-3	-1.0361E+2	-1.0277E+2	-1.2644E+2	-1.1295E+2
2.1445E+1	-3.8252E-2	-1.7853E+2	1.2192E-3	-9.9963E+1	-1.0597E+2	-1.0855E+2	-1.1069E+2
2.2995E+1	-3.7123E-2	-1.7863E+2	3.8706E-3	-8.8313E+1	-1.0857E+2	-1.3620E+2	-1.1022E+2
2.4657E+1	-3.6208E-2	-1.7872E+2	7.5275E-3	-8.2498E+1	-1.0577E+2	-1.1256E+2	-1.1073E+2
2.6439E+1	-3.5394E-2	-1.7881E+2	5.9556E-3	-8.4560E+1	-1.0378E+2	-1.2269E+2	-1.1298E+2
2.8349E+1	-3.4616E-2	-1.7889E+2	3.0770E-3	-9.0379E+1	-1.0680E+2	-1.1457E+2	-1.1227E+2
3.0398E+1	-3.3956E-2	-1.7896E+2	8.3212E-4	-1.0790E+2	-1.0982E+2	-1.1254E+2	-1.0432E+2
3.2595E+1	-3.3314E-2	-1.7903E+2	9.9590E-4	-1.0994E+2	-1.0110E+2	-1.1575E+2	-1.1056E+2
3.4951E+1	-3.2773E-2	-1.7910E+2	1.1798E-3	-1.0326E+2	-1.0092E+2	-1.1909E+2	-1.1009E+2
3.7476E+1	-3.2252E-2	-1.7916E+2	1.0855E-3	-1.0372E+2	-1.0508E+2	-1.0419E+2	-1.1203E+2
4.0185E+1	-3.2006E-2	-1.7921E+2	9.3135E-4	-1.0728E+2	-1.0531E+2	-1.0730E+2	-1.0700E+2
4.3089E+1	-3.1826E-2	-1.7927E+2	8.6496E-4	-1.0282E+2	-1.0758E+2	-1.1294E+2	-1.2932E+2
4.6203E+1	-3.1612E-2	-1.7932E+2	9.2661E-4	-1.0925E+2	-1.0350E+2	-1.0739E+2	-1.0956E+2
4.9542E+1	-3.0420E-2	-1.7937E+2	1.5179E-3	-1.0494E+2	-9.8956E+1	-1.1125E+2	-1.0196E+2
5.3122E+1	-3.0955E-2	-1.7941E+2	4.5109E-4	-1.1002E+2	-1.1041E+2	-1.1901E+2	-1.3429E+2
5.6961E+1	-3.0297E-2	-1.7945E+2	8.9219E-4	-1.0702E+2	-1.0288E+2	-1.1329E+2	-1.1461E+2
6.1077E+1	-3.0300E-2	-1.7949E+2	8.1708E-4	-1.0504E+2	-1.0521E+2	-1.1418E+2	-1.1839E+2
6.5491E+1	-2.9514E-2	-1.7952E+2	8.3962E-4	-1.0462E+2	-1.1866E+2	-1.0525E+2	-1.1328E+2
7.0224E+1	-2.9464E-2	-1.7956E+2	1.1223E-3	-1.0397E+2	-1.0653E+2	-1.1220E+2	-1.0239E+2
7.5299E+1	-2.9366E-2	-1.7959E+2	9.8962E-4	-1.0237E+2	-1.0567E+2	-1.1205E+2	-1.1176E+2
8.0740E+1	-2.9200E-2	-1.7962E+2	6.5132E-4	-1.0598E+2	-1.1001E+2	-1.1788E+2	-1.1252E+2
8.6575E+1	-2.9033E-2	-1.7965E+2	1.5583E-3	-1.0778E+2	-1.0233E+2	-1.0096E+2	-1.0059E+2
9.2832E+1	-2.8933E-2	-1.7968E+2	1.7014E-3	-1.0204E+2	-1.0302E+2	-1.0599E+2	-9.8186E+1
9.9540E+1	-2.8758E-2	-1.7970E+2	1.2238E-3	-1.0565E+2	-1.0111E+2	-1.0819E+2	-1.0523E+2
1.0673E+2	-2.8760E-2	-1.7972E+2	1.3023E-3	-1.0295E+2	-1.0563E+2	-1.0162E+2	-1.0644E+2
1.1445E+2	-2.8626E-2	-1.7975E+2	1.7949E-3	-1.0433E+2	-9.8279E+1	-9.9237E+1	-1.0758E+2
1.2272E+2	-2.8517E-2	-1.7977E+2	1.7697E-3	-9.7246E+1	-1.0015E+2	-1.2485E+2	-1.0557E+2
1.3159E+2	-2.8454E-2	-1.7979E+2	1.4089E-3	-1.0077E+2	-1.0304E+2	-1.0373E+2	-1.0642E+2
1.4110E+2	-2.8384E-2	-1.7981E+2	1.4093E-3	-1.0214E+2	-1.0098E+2	-1.0273E+2	-1.1348E+2
1.5129E+2	-2.8350E-2	-1.7982E+2	1.3480E-3	-1.0140E+2	-1.0053E+2	-1.0852E+2	-1.1166E+2
1.6223E+2	-2.8274E-2	-1.7984E+2	2.0623E-3	-9.4953E+1	-1.0151E+2	-1.0559E+2	-1.1139E+2
1.7395E+2	-2.8219E-2	-1.7986E+2	1.8672E-3	-9.7475E+1	-9.8948E+1	-1.0731E+2	-1.0624E+2
1.8652E+2	-2.8205E-2	-1.7987E+2	1.9715E-3	-9.7321E+1	-9.7733E+1	-1.1139E+2	-1.0560E+2
2.0000E+2	-2.8179E-2	-1.7989E+2	1.2676E-3	-1.0242E+2	-1.0453E+2	-1.1310E+2	-1.0199E+2
2.1445E+2	-2.8133E-2	-1.7990E+2	2.2525E-3	-9.5584E+1	-9.7249E+1	-1.0441E+2	-1.1201E+2
2.2995E+2	-2.8072E-2	-1.7992E+2	1.7448E-3	-9.7041E+1	-1.0277E+2	-1.0288E+2	-1.1605E+2
2.4657E+2	-2.8127E-2	-1.7993E+2	1.5013E-3	-1.0443E+2	-9.8990E+1	-1.0839E+2	-1.0313E+2
2.6439E+2	-2.8090E-2	-1.7994E+2	8.2468E-4	-1.1133E+2	-1.0850E+2	-1.0686E+2	-1.0587E+2
2.8349E+2	-2.8080E-2	-1.7996E+2	6.9453E-4	-1.0657E+2	-1.0902E+2	-1.1009E+2	-1.1407E+2
3.0398E+2	-2.8064E-2	-1.7997E+2	1.4165E-3	-1.0363E+2	-1.0288E+2	-1.0743E+2	-1.0057E+2
3.2595E+2	-2.8009E-2	-1.7998E+2	1.5759E-3	-1.0060E+2	-9.9468E+1	-1.1492E+2	-1.0347E+2
3.4951E+2	-2.8123E-2	-1.8000E+2	8.6736E-4	-1.0416E+2	-1.1144E+2	-1.0608E+2	-1.1301E+2
3.7476E+2	-2.8067E-2	1.7999E+2	1.4046E-3	-1.1885E+2	-1.0248E+2	-1.0653E+2	-9.9308E+1
4.0185E+2	-2.8133E-2	1.7998E+2	1.6401E-3	-9.7886E+1	-1.0169E+2	-1.1114E+2	-1.0511E+2
4.3089E+2	-2.7994E-2	1.7997E+2	1.0463E-3	-1.1213E+2	-1.0216E+2	-1.1070E+2	-1.0469E+2
4.6203E+2	-2.7987E-2	1.7995E+2	1.2849E-3	-9.9790E+1	-1.1242E+2	-1.0605E+2	-1.0529E+2
4.9542E+2	-2.8032E-2	1.7994E+2	1.1267E-3	-1.0659E+2	-1.0168E+2	-1.0642E+2	-1.0845E+2
5.3122E+2	-2.8135E-2	1.7993E+2	1.2648E-3	-1.0544E+2	-1.0339E+2	-1.1866E+2	-1.0075E+2
5.6961E+2	-2.8110E-2	1.7991E+2	1.1412E-3	-9.9978E+1	-1.0788E+2	-1.0945E+2	-1.1678E+2
6.1077E+2	-2.8129E-2	1.7990E+2	1.3727E-3	-9.9766E+1	-1.0230E+2	-1.0757E+2	-1.1188E+2
6.5491E+2	-2.8138E-2	1.7988E+2	9.9294E-4	-1.0636E+2	-1.0233E+2	-1.1118E+2	-1.1029E+2
7.0224E+2	-2.8223E-2	1.7987E+2	1.3525E-3	-1.0238E+2	-1.0289E+2	-1.1365E+2	-1.0159E+2
7.5299E+2	-2.8218E-2	1.7985E+2	8.8181E-4	-1.0582E+2	-1.1100E+2	-1.0646E+2	-1.0676E+2
8.0740E+2	-2.8263E-2	1.7984E+2	1.4113E-3	-1.0598E+2	-9.9088E+1	-1.0874E+2	-1.0430E+2
8.6575E+2	-2.8346E-2	1.7982E+2	1.1336E-3	-1.1980E+2	-9.9891E+1	-1.0853E+2	-1.0963E+2
9.2832E+2	-2.8348E-2	1.7980E+2	7.2397E-4	-1.0863E+2	-1.0581E+2	-1.1887E+2	-1.0952E+2
9.9540E+2	-2.8500E-2	1.7978E+2	7.5367E-4	-1.0661E+2	-1.0773E+2	-1.1022E+2	-1.1065E+2
1.0673E+3	-2.8522E-2	1.7976E+2	1.0791E-3	-1.0051E+2	-1.0691E+2	-1.1310E+2	-1.1633E+2
1.1445E+3	-2.8569E-2	1.7974E+2	1.2765E-3	-1.0208E+2	-1.0076E+2	-1.1143E+2	-1.1004E+2
1.2272E+3	-2.8674E-2	1.7972E+2	8.0688E-4	-1.0681E+2	-1.0648E+2	-1.1368E+2	-1.0758E+2
1.3159E+3	-2.8755E-2	1.7969E+2	1.6339E-3	-1.0081E+2	-9.8393E+1	-1.0448E+2	-1.1449E+2
1.4110E+3	-2.8827E-2	1.7967E+2	9.1230E-4	-1.0516E+2	-1.1039E+2	-1.0493E+2	-1.0940E+2
1.5129E+3	-2.8965E-2	1.7964E+2	1.1762E-3	-1.1750E+2	-9.9120E+1	-1.1181E+2	-1.1125E+2
1.6223E+3	-2.9016E-2	1.7961E+2	9.6936E-4	-1.0675E+2	-1.0290E+2	-1.0965E+2	-1.0970E+2
1.7395E+3	-2.9180E-2	1.7958E+2	1.0393E-3	-1.0082E+2	-1.1394E+2	-1.2753E+2	-1.0676E+2
1.8652E+3	-2.9258E-2	1.7955E+2	1.0452E-3	-1.0242E+2	-1.1046E+2	-1.1209E+2	-1.0434E+2
2.0000E+3	-2.9417E-2	1.7952E+2	1.1914E-3	-1.0749E+2	-1.0017E+2	-1.0599E+2	-1.1564E+2
2.1445E+3	-2.9513E-2	1.7948E+2	1.1309E-3	-1.0494E+2	-1.0322E+2	-1.0649E+2	-1.0590E+2
2.2995E+3	-2.9695E-2	1.7944E+2	7.2509E-4	-1.1188E+2	-1.0895E+2	-1.0692E+2	-1.0885E+2
2.4657E+3	-2.9884E-2	1.7940E+2	8.2311E-4	-1.0733E+2	-1.0468E+2	-1.1872E+2	-1.0858E+2
2.6439E+3	-3.0123E-2	1.7935E+2	9.3364E-4	-1.0388E+2	-1.0796E+2	-1.0990E+2	-1.0699E+2
2.8349E+3	-3.0274E-2	1.7930E+2	1.0977E-3	-1.0310E+2	-1.0472E+2	-1.0948E+2	-1.0577E+2
3.0398E+3	-3.0486E-2	1.7925E+2	7.0893E-4	-1.0549E+2	-1.1200E+2	-1.2274E+2	-1.0819E+2
3.2595E+3	-3.0718E-2	1.7920E+2	7.9095E-4	-1.0513E+2	-1.1167E+2	-1.1109E+2	-1.0763E+2
3.4951E+3	-3.0959E-2	1.7914E+2	1.5026E-3	-1.0066E+2	-1.0127E+2	-1.1000E+2	-1.0258E+2
3.7476E+3	-3.1248E-2	1.7908E+2	1.0802E-3	-1.0515E+2	-1.0314E+2	-1.1033E+2	-1.0548E+2
4.0185E+3	-3.1529E-2	1.7901E+2	9.2568E-4	-1.0425E+2	-1.1462E+2	-1.0567E+2	-1.0756E+2
4.3089E+3	-3.1886E-2	1.7894E+2	1.4142E-3	-1.0756E+2	-9.8142E+1	-1.1356E+2	-1.0608E+2
4.6203E+3	-3.2222E-2	1.7886E+2	1.2627E-3	-1.1690E+2	-9.9885E+1	-1.1489E+2	-1.0288E+2
4.9542E+3	-3.2654E-2	1.7878E+2	1.2254E-3	-1.0062E+2	-1.0336E+2	-1.0938E+2	-1.1234E+2
5.3122E+3	-3.3066E-2	1.7869E+2	8.5318E-4	-1.0669E+2	-1.0367E+2	-1.1179E+2	-1.1753E+2
5.6961E+3	-3.3497E-2	1.7860E+2	1.0230E-3	-1.0150E+2	-1.0599E+2	-1.1078E+2	-1.2443E+2
6.1077E+3	-3.3969E-2	1.7850E+2	1.0908E-3	-1.0104E+2	-1.2351E+2	-1.0719E+2	-1.0684E+2
6.5491E+3	-3.4533E-2	1.7839E+2	1.1567E-3	-1.0516E+2	-1.0246E+2	-1.0396E+2	-1.1193E+2
7.0224E+3	-3.5196E-2	1.7828E+2	9.7257E-4	-1.0400E+2	-1.0515E+2	-1.0774E+2	-1.1131E+2
7.5299E+3	-3.5832E-2	1.7815E+2	9.0188E-4	-1.0173E+2	-1.1618E+2	-1.2583E+2	-1.0939E+2
8.0740E+3	-3.6496E-2	1.7802E+2	1.2965E-3	-1.0042E+2	-1.0599E+2	-1.0625E+2	-1.0547E+2
8.6575E+3	-3.7247E-2	1.7788E+2	2.0050E-3	-9.4764E+1	-1.0370E+2	-1.0824E+2	-1.0981E+2
9.2832E+3	-3.8124E-2	1.7773E+2	1.6807E-3	-9.6234E+1	-1.0491E+2	-1.1290E+2	-1.1153E+2
9.9540E+3	-3.9048E-2	1.7757E+2	2.1681E-3	-9.3980E+1	-1.0428E+2	-1.1538E+2	-1.0524E+2
1.0673E+4	-4.0063E-2	1.7740E+2	1.5031E-3	-9.8106E+1	-1.0656E+2	-1.0314E+2	-1.2212E+2
1.1445E+4	-4.1183E-2	1.7721E+2	1.9467E-3	-9.4661E+1	-1.0701E+2	-1.1357E+2	-1.0895E+2
1.2272E+4	-4.2379E-2	1.7701E+2	2.0308E-3	-9.4457E+1	-1.0426E+2	-1.1495E+2	-1.0874E+2
1.3159E+4	-4.3727E-2	1.7680E+2	2.7425E-3	-9.2873E+1	-9.7876E+1	-1.0944E+2	-1.0211E+2
1.4110E+4	-4.5216E-2	1.7657E+2	3.1602E-3	-9.0469E+1	-1.0205E+2	-1.1787E+2	-1.0432E+2
1.5129E+4	-4.6721E-2	1.7633E+2	3.2852E-3	-9.0228E+1	-1.0027E+2	-1.1412E+2	-1.0489E+2
1.6223E+4	-4.8468E-2	1.7607E+2	3.6882E-3	-8.8865E+1	-1.0320E+2	-1.0935E+2	-1.1663E+2
1.7395E+4	-5.0389E-2	1.7579E+2	3.9474E-3	-8.8611E+1	-9.7850E+1	-1.0799E+2	-1.1835E+2
1.8652E+4	-5.2418E-2	1.7549E+2	4.4014E-3	-8.7509E+1	-9.8588E+1	-1.1527E+2	-1.0676E+2
2.0000E+4	-5.4658E-2	1.7517E+2	4.9898E-3	-8.6409E+1	-9.8312E+1	-1.0302E+2	-1.1185E+2
