%	Date:	2010-12-16	Time:	15:19:40
%	Sampling frequency		[Hz]:	204800
%	Generator amplitude		[V]:	2.0000
%	Settle time		[s]:	0.025000
%	Settle cycles:			5
%	Integration time		[s]:	0.025000
%	Integration cycles:			5
% Freq.	Amplitude	Phase	THD	HD 2	HD 3	HD 4	HD 5
% [Hz]	[dB]	[deg]	[%]	[dB ref fund]	[dB ref fund]	[dB ref fund]	[dB ref fund]
2.0000E+1	-3.9387E-2	-1.7844E+2	1.4976E-3	-9.7583E+1	-1.0492E+2	-1.1051E+2	-1.1062E+2
2.1445E+1	-3.8243E-2	-1.7854E+2	1.2927E-3	-9.9098E+1	-1.0438E+2	-1.1509E+2	-1.1351E+2
2.2995E+1	-3.7208E-2	-1.7864E+2	4.1826E-3	-8.7684E+1	-1.0454E+2	-1.1334E+2	-1.1279E+2
2.4657E+1	-3.6264E-2	-1.7873E+2	3.9713E-3	-8.8138E+1	-1.0511E+2	-1.1501E+2	-1.1106E+2
2.6439E+1	-3.5402E-2	-1.7882E+2	4.4627E-3	-8.7115E+1	-1.0415E+2	-1.1156E+2	-1.1540E+2
2.8349E+1	-3.4627E-2	-1.7890E+2	1.4959E-3	-9.8070E+1	-1.0341E+2	-1.1592E+2	-1.0706E+2
3.0398E+1	-3.3933E-2	-1.7897E+2	2.1167E-3	-9.4007E+1	-1.0546E+2	-1.2102E+2	-1.0671E+2
3.2595E+1	-3.3340E-2	-1.7904E+2	1.9129E-3	-9.4891E+1	-1.0677E+2	-1.1007E+2	-1.0969E+2
3.4951E+1	-3.2760E-2	-1.7911E+2	2.1804E-3	-9.3595E+1	-1.0439E+2	-1.2093E+2	-1.1924E+2
3.7476E+1	-3.2330E-2	-1.7917E+2	2.0385E-3	-9.4401E+1	-1.0466E+2	-1.1025E+2	-1.1050E+2
4.0185E+1	-3.1901E-2	-1.7923E+2	2.3643E-3	-9.2961E+1	-1.0466E+2	-1.0819E+2	-1.1413E+2
4.3089E+1	-3.1371E-2	-1.7928E+2	2.3447E-3	-9.3192E+1	-1.0184E+2	-1.2773E+2	-1.1336E+2
4.6203E+1	-3.1153E-2	-1.7933E+2	2.6006E-3	-9.2070E+1	-1.0368E+2	-1.2297E+2	-1.0919E+2
4.9542E+1	-3.1137E-2	-1.7938E+2	2.4128E-3	-9.2838E+1	-1.0246E+2	-1.1518E+2	-1.1689E+2
5.3122E+1	-3.0132E-2	-1.7943E+2	3.0320E-3	-9.0841E+1	-1.0077E+2	-1.2290E+2	-1.0957E+2
5.6961E+1	-2.9813E-2	-1.7947E+2	3.0293E-3	-9.0591E+1	-1.0692E+2	-1.2011E+2	-1.0626E+2
6.1077E+1	-2.9922E-2	-1.7951E+2	3.5676E-3	-8.9118E+1	-1.0365E+2	-1.1366E+2	-1.2860E+2
6.5491E+1	-2.9675E-2	-1.7955E+2	3.7262E-3	-8.8886E+1	-1.0254E+2	-1.0844E+2	-1.0586E+2
7.0224E+1	-2.9452E-2	-1.7958E+2	3.6959E-3	-8.9146E+1	-9.8996E+1	-1.1251E+2	-1.0771E+2
7.5299E+1	-2.9358E-2	-1.7962E+2	3.7500E-3	-8.8661E+1	-1.0413E+2	-1.1449E+2	-1.1530E+2
8.0740E+1	-2.9162E-2	-1.7965E+2	3.8498E-3	-8.8595E+1	-1.0102E+2	-1.1580E+2	-1.0733E+2
8.6575E+1	-2.9023E-2	-1.7968E+2	5.0522E-3	-8.6078E+1	-1.0473E+2	-1.0454E+2	-1.0789E+2
9.2832E+1	-2.8885E-2	-1.7971E+2	5.2765E-3	-8.5800E+1	-1.0005E+2	-1.0631E+2	-1.0497E+2
9.9540E+1	-2.8786E-2	-1.7974E+2	4.8245E-3	-8.6464E+1	-1.0239E+2	-1.1085E+2	-1.1373E+2
1.0673E+2	-2.8698E-2	-1.7976E+2	5.9510E-3	-8.4703E+1	-9.9614E+1	-1.0549E+2	-1.0743E+2
1.1445E+2	-2.8605E-2	-1.7979E+2	5.6228E-3	-8.5226E+1	-1.0388E+2	-9.9390E+1	-1.1450E+2
1.2272E+2	-2.8516E-2	-1.7981E+2	5.7561E-3	-8.4969E+1	-9.9431E+1	-1.2198E+2	-1.0872E+2
1.3159E+2	-2.8421E-2	-1.7983E+2	6.9338E-3	-8.3311E+1	-1.0258E+2	-1.0861E+2	-1.0133E+2
1.4110E+2	-2.8407E-2	-1.7986E+2	7.6960E-3	-8.2585E+1	-9.4257E+1	-1.0951E+2	-1.0655E+2
1.5129E+2	-2.8359E-2	-1.7988E+2	7.6817E-3	-8.2514E+1	-9.6575E+1	-1.0432E+2	-1.0412E+2
1.6223E+2	-2.8315E-2	-1.7990E+2	8.8259E-3	-8.1222E+1	-9.7038E+1	-1.0663E+2	-1.0660E+2
1.7395E+2	-2.8209E-2	-1.7992E+2	7.4310E-3	-8.2696E+1	-9.9501E+1	-1.0539E+2	-1.1229E+2
1.8652E+2	-2.8176E-2	-1.7994E+2	9.2107E-3	-8.0962E+1	-9.4074E+1	-1.0136E+2	-1.1151E+2
2.0000E+2	-2.8131E-2	-1.7996E+2	9.9787E-3	-8.0104E+1	-9.9002E+1	-1.0606E+2	-1.0373E+2
2.1445E+2	-2.8121E-2	-1.7998E+2	1.0260E-2	-7.9952E+1	-9.4282E+1	-1.1564E+2	-1.0410E+2
2.2995E+2	-2.8062E-2	-1.8000E+2	1.3073E-2	-7.7752E+1	-9.5690E+1	-1.1287E+2	-1.0462E+2
2.4657E+2	-2.8075E-2	1.7998E+2	1.3301E-2	-7.7658E+1	-9.3195E+1	-1.0352E+2	-1.0649E+2
2.6439E+2	-2.8095E-2	1.7996E+2	1.3619E-2	-7.7416E+1	-9.4229E+1	-1.0995E+2	-1.0559E+2
2.8349E+2	-2.8003E-2	1.7994E+2	1.4452E-2	-7.6936E+1	-9.2810E+1	-1.0217E+2	-1.0262E+2
3.0398E+2	-2.8003E-2	1.7992E+2	1.5378E-2	-7.6410E+1	-9.1278E+1	-1.0432E+2	-1.0969E+2
3.2595E+2	-2.8033E-2	1.7990E+2	1.6799E-2	-7.5619E+1	-9.1584E+1	-1.0087E+2	-1.0617E+2
3.4951E+2	-2.8029E-2	1.7988E+2	1.8032E-2	-7.4962E+1	-9.2871E+1	-1.1253E+2	-1.0049E+2
3.7476E+2	-2.8040E-2	1.7986E+2	1.8887E-2	-7.4583E+1	-9.1094E+1	-1.0167E+2	-1.0811E+2
4.0185E+2	-2.8072E-2	1.7983E+2	2.0593E-2	-7.3839E+1	-9.0160E+1	-1.0059E+2	-1.0405E+2
4.3089E+2	-2.8046E-2	1.7981E+2	2.2500E-2	-7.3068E+1	-8.9031E+1	-1.0507E+2	-1.1169E+2
4.6203E+2	-2.8013E-2	1.7979E+2	2.3529E-2	-7.2670E+1	-8.9391E+1	-9.8746E+1	-1.1436E+2
4.9542E+2	-2.8108E-2	1.7976E+2	2.5063E-2	-7.2123E+1	-8.8360E+1	-1.0834E+2	-1.0957E+2
5.3122E+2	-2.8135E-2	1.7974E+2	2.6688E-2	-7.1566E+1	-8.8646E+1	-1.0071E+2	-1.0403E+2
5.6961E+2	-2.8182E-2	1.7971E+2	2.8917E-2	-7.0864E+1	-8.8591E+1	-9.5586E+1	-1.1380E+2
6.1077E+2	-2.8211E-2	1.7968E+2	3.1350E-2	-7.0164E+1	-8.7168E+1	-1.0157E+2	-1.1873E+2
6.5491E+2	-2.8202E-2	1.7965E+2	3.3307E-2	-6.9658E+1	-8.5971E+1	-9.7017E+1	-1.0873E+2
7.0224E+2	-2.8231E-2	1.7962E+2	3.5664E-2	-6.9053E+1	-8.5891E+1	-9.5986E+1	-1.1501E+2
7.5299E+2	-2.8351E-2	1.7958E+2	3.8592E-2	-6.8379E+1	-8.4443E+1	-1.0062E+2	-1.0604E+2
8.0740E+2	-2.8366E-2	1.7955E+2	4.1623E-2	-6.7716E+1	-8.3997E+1	-1.0272E+2	-1.0944E+2
8.6575E+2	-2.8480E-2	1.7951E+2	4.4593E-2	-6.7118E+1	-8.3402E+1	-1.0022E+2	-1.0484E+2
9.2832E+2	-2.8510E-2	1.7947E+2	4.7310E-2	-6.6614E+1	-8.2662E+1	-9.5692E+1	-1.0318E+2
9.9540E+2	-2.8549E-2	1.7942E+2	5.1207E-2	-6.5911E+1	-8.2514E+1	-9.7689E+1	-1.0322E+2
1.0673E+3	-2.8720E-2	1.7938E+2	5.4065E-2	-6.5451E+1	-8.1600E+1	-9.4629E+1	-1.0754E+2
1.1445E+3	-2.8811E-2	1.7933E+2	5.8785E-2	-6.4720E+1	-8.0921E+1	-9.7559E+1	-1.1174E+2
1.2272E+3	-2.8912E-2	1.7928E+2	6.3394E-2	-6.4074E+1	-7.9911E+1	-9.5472E+1	-1.0584E+2
1.3159E+3	-2.9012E-2	1.7922E+2	6.7167E-2	-6.3570E+1	-7.9522E+1	-9.4144E+1	-1.0429E+2
1.4110E+3	-2.9163E-2	1.7916E+2	7.2524E-2	-6.2895E+1	-7.9163E+1	-9.4090E+1	-1.1568E+2
1.5129E+3	-2.9303E-2	1.7910E+2	7.7725E-2	-6.2294E+1	-7.8536E+1	-9.3190E+1	-1.0928E+2
1.6223E+3	-2.9502E-2	1.7903E+2	8.3072E-2	-6.1716E+1	-7.8009E+1	-9.2233E+1	-1.0103E+2
1.7395E+3	-2.9665E-2	1.7896E+2	8.8941E-2	-6.1121E+1	-7.7428E+1	-9.3441E+1	-1.0238E+2
1.8652E+3	-2.9854E-2	1.7888E+2	9.5507E-2	-6.0513E+1	-7.6407E+1	-9.2466E+1	-1.0559E+2
2.0000E+3	-3.0183E-2	1.7880E+2	1.0233E-1	-5.9902E+1	-7.6318E+1	-9.0178E+1	-1.0538E+2
2.1445E+3	-3.0448E-2	1.7871E+2	1.1010E-1	-5.9271E+1	-7.5481E+1	-9.0079E+1	-1.0130E+2
2.2995E+3	-3.0669E-2	1.7861E+2	1.1781E-1	-5.8684E+1	-7.4863E+1	-8.8939E+1	-1.0207E+2
2.4657E+3	-3.1051E-2	1.7851E+2	1.2580E-1	-5.8113E+1	-7.4317E+1	-8.9410E+1	-9.8955E+1
2.6439E+3	-3.1447E-2	1.7840E+2	1.3499E-1	-5.7498E+1	-7.3838E+1	-8.7972E+1	-1.0412E+2
2.8349E+3	-3.1835E-2	1.7829E+2	1.4529E-1	-5.6861E+1	-7.3076E+1	-8.8390E+1	-1.0554E+2
3.0398E+3	-3.2361E-2	1.7816E+2	1.5559E-1	-5.6270E+1	-7.2368E+1	-8.6725E+1	-9.9727E+1
3.2595E+3	-3.2865E-2	1.7803E+2	1.6647E-1	-5.5680E+1	-7.1852E+1	-8.6867E+1	-1.0152E+2
3.4951E+3	-3.3412E-2	1.7788E+2	1.7888E-1	-5.5053E+1	-7.1346E+1	-8.6590E+1	-9.8471E+1
3.7476E+3	-3.4080E-2	1.7773E+2	1.9192E-1	-5.4442E+1	-7.0721E+1	-8.5766E+1	-9.7946E+1
4.0185E+3	-3.4864E-2	1.7757E+2	2.0518E-1	-5.3864E+1	-7.0033E+1	-8.5072E+1	-9.9987E+1
4.3089E+3	-3.5671E-2	1.7739E+2	2.2073E-1	-5.3229E+1	-6.9463E+1	-8.3884E+1	-9.9025E+1
4.6203E+3	-3.6628E-2	1.7720E+2	2.3554E-1	-5.2664E+1	-6.8938E+1	-8.3428E+1	-9.8410E+1
4.9542E+3	-3.7675E-2	1.7700E+2	2.5296E-1	-5.2044E+1	-6.8293E+1	-8.2846E+1	-9.6252E+1
5.3122E+3	-3.8852E-2	1.7679E+2	2.7101E-1	-5.1448E+1	-6.7611E+1	-8.2221E+1	-9.6454E+1
5.6961E+3	-4.0206E-2	1.7655E+2	2.9043E-1	-5.0844E+1	-6.7137E+1	-8.1985E+1	-9.4200E+1
6.1077E+3	-4.1690E-2	1.7631E+2	3.1144E-1	-5.0238E+1	-6.6494E+1	-8.1324E+1	-9.4342E+1
6.5491E+3	-4.3504E-2	1.7604E+2	3.3310E-1	-4.9653E+1	-6.5930E+1	-8.0422E+1	-9.7624E+1
7.0224E+3	-4.5396E-2	1.7576E+2	3.5672E-1	-4.9057E+1	-6.5389E+1	-8.0238E+1	-9.3415E+1
7.5299E+3	-4.7629E-2	1.7545E+2	3.8229E-1	-4.8456E+1	-6.4746E+1	-7.9698E+1	-9.3963E+1
8.0740E+3	-5.0139E-2	1.7512E+2	4.1004E-1	-4.7848E+1	-6.4155E+1	-7.8698E+1	-9.2857E+1
8.6575E+3	-5.3003E-2	1.7477E+2	4.3886E-1	-4.7256E+1	-6.3616E+1	-7.8178E+1	-9.3382E+1
9.2832E+3	-5.6226E-2	1.7440E+2	4.7032E-1	-4.6653E+1	-6.3077E+1	-7.7721E+1	-9.3236E+1
9.9540E+3	-5.9802E-2	1.7400E+2	5.0306E-1	-4.6069E+1	-6.2474E+1	-7.7421E+1	-9.1319E+1
1.0673E+4	-6.3997E-2	1.7357E+2	5.3852E-1	-4.5476E+1	-6.1914E+1	-7.7061E+1	-9.2229E+1
1.1445E+4	-6.8687E-2	1.7311E+2	5.7636E-1	-4.4885E+1	-6.1399E+1	-7.6364E+1	-9.0713E+1
1.2272E+4	-7.3991E-2	1.7261E+2	6.1631E-1	-4.4303E+1	-6.0808E+1	-7.5851E+1	-9.0563E+1
1.3159E+4	-8.0009E-2	1.7209E+2	6.5964E-1	-4.3710E+1	-6.0323E+1	-7.5455E+1	-9.1242E+1
1.4110E+4	-8.6874E-2	1.7152E+2	7.0441E-1	-4.3140E+1	-5.9756E+1	-7.5077E+1	-9.0170E+1
1.5129E+4	-9.4709E-2	1.7092E+2	7.5325E-1	-4.2555E+1	-5.9284E+1	-7.4511E+1	-9.0335E+1
1.6223E+4	-1.0353E-1	1.7027E+2	8.0374E-1	-4.1991E+1	-5.8752E+1	-7.4213E+1	-8.8331E+1
1.7395E+4	-1.1355E-1	1.6958E+2	8.5804E-1	-4.1421E+1	-5.8274E+1	-7.3589E+1	-9.0131E+1
1.8652E+4	-1.2496E-1	1.6883E+2	9.1528E-1	-4.0859E+1	-5.7773E+1	-7.3381E+1	-8.8333E+1
2.0000E+4	-1.3786E-1	1.6804E+2	9.7612E-1	-4.0297E+1	-5.7339E+1	-7.2947E+1	-9.0313E+1
