%	Date:	2010-12-16	Time:	15:27:49
%	Sampling frequency		[Hz]:	204800
%	Generator amplitude		[V]:	0.20000
%	Settle time		[s]:	0.025000
%	Settle cycles:			5
%	Integration time		[s]:	0.025000
%	Integration cycles:			5
% Freq.	Amplitude	Phase	THD	HD 2	HD 3	HD 4	HD 5
% [Hz]	[dB]	[deg]	[%]	[dB ref fund]	[dB ref fund]	[dB ref fund]	[dB ref fund]
2.0000E+1	-3.9094E-2	-1.7843E+2	4.0964E-3	-9.0349E+1	-9.3707E+1	-9.9945E+1	-9.6420E+1
2.1445E+1	-3.7659E-2	-1.7853E+2	5.8133E-3	-8.5822E+1	-9.3235E+1	-9.8270E+1	-9.8576E+1
2.2995E+1	-3.6898E-2	-1.7863E+2	3.7625E-2	-6.8495E+1	-9.9907E+1	-1.0589E+2	-1.1188E+2
2.4657E+1	-3.5929E-2	-1.7872E+2	6.2526E-2	-6.4100E+1	-9.5949E+1	-8.9587E+1	-9.2577E+1
2.6439E+1	-3.5065E-2	-1.7881E+2	5.1512E-2	-6.5765E+1	-1.0467E+2	-9.8269E+1	-1.0588E+2
2.8349E+1	-3.4052E-2	-1.7889E+2	2.1326E-2	-7.3442E+1	-1.0002E+2	-1.0085E+2	-1.0518E+2
3.0398E+1	-3.3709E-2	-1.7896E+2	5.9235E-3	-8.6862E+1	-1.0994E+2	-1.0165E+2	-8.8631E+1
3.2595E+1	-3.3016E-2	-1.7903E+2	1.9402E-3	-1.0266E+2	-9.9691E+1	-1.0445E+2	-9.7473E+1
3.4951E+1	-3.2523E-2	-1.7910E+2	3.2852E-3	-9.2711E+1	-9.8422E+1	-9.4653E+1	-1.0242E+2
3.7476E+1	-3.1518E-2	-1.7916E+2	5.0824E-3	-9.5276E+1	-9.6815E+1	-8.6857E+1	-1.0791E+2
4.0185E+1	-3.0479E-2	-1.7922E+2	3.9342E-3	-1.0156E+2	-1.0005E+2	-9.1266E+1	-9.1992E+1
4.3089E+1	-3.1411E-2	-1.7929E+2	5.2919E-3	-9.2814E+1	-9.1250E+1	-9.4661E+1	-8.9261E+1
4.6203E+1	-2.9415E-2	-1.7935E+2	3.6185E-3	-9.1720E+1	-9.6502E+1	-1.0189E+2	-9.4585E+1
4.9542E+1	-2.5364E-2	-1.7935E+2	6.0363E-3	-9.7361E+1	-8.6864E+1	-9.3049E+1	-9.0430E+1
5.3122E+1	-3.3691E-2	-1.7943E+2	5.5708E-3	-9.9160E+1	-8.6726E+1	-9.8826E+1	-9.1392E+1
5.6961E+1	-3.4022E-2	-1.7945E+2	3.8599E-3	-9.2996E+1	-1.0748E+2	-9.0353E+1	-1.0315E+2
6.1077E+1	-2.9658E-2	-1.7951E+2	6.7243E-3	-9.1875E+1	-9.4769E+1	-8.6224E+1	-8.9381E+1
6.5491E+1	-2.9921E-2	-1.7951E+2	5.7528E-3	-9.0029E+1	-8.8154E+1	-9.4105E+1	-9.4003E+1
7.0224E+1	-3.0349E-2	-1.7955E+2	6.5607E-3	-8.6875E+1	-9.4303E+1	-9.7736E+1	-8.7667E+1
7.5299E+1	-2.8676E-2	-1.7959E+2	6.4975E-3	-8.5336E+1	-9.4139E+1	-1.0223E+2	-9.0710E+1
8.0740E+1	-2.8607E-2	-1.7962E+2	5.0189E-3	-9.5250E+1	-8.8124E+1	-9.5137E+1	-9.4272E+1
8.6575E+1	-2.8593E-2	-1.7965E+2	1.0880E-2	-9.4478E+1	-8.6062E+1	-8.3815E+1	-8.3142E+1
9.2832E+1	-2.8484E-2	-1.7967E+2	6.7567E-3	-9.4949E+1	-9.2822E+1	-8.7246E+1	-8.7358E+1
9.9540E+1	-2.8447E-2	-1.7970E+2	4.7418E-3	-9.8277E+1	-9.1874E+1	-1.0496E+2	-8.8482E+1
1.0673E+2	-2.8581E-2	-1.7973E+2	7.6761E-3	-8.7851E+1	-8.5835E+1	-8.8820E+1	-9.4804E+1
1.1445E+2	-2.8141E-2	-1.7975E+2	1.1826E-2	-8.8630E+1	-8.4696E+1	-8.0750E+1	-9.0928E+1
1.2272E+2	-2.7952E-2	-1.7977E+2	8.9653E-3	-8.2850E+1	-8.7972E+1	-9.2168E+1	-9.1889E+1
1.3159E+2	-2.7682E-2	-1.7979E+2	7.4291E-3	-8.6972E+1	-1.0011E+2	-8.6714E+1	-8.8920E+1
1.4110E+2	-2.7848E-2	-1.7981E+2	1.0305E-2	-8.5251E+1	-8.1512E+1	-9.6697E+1	-9.4434E+1
1.5129E+2	-2.7856E-2	-1.7982E+2	1.1406E-2	-9.0150E+1	-8.1685E+1	-8.4958E+1	-8.6844E+1
1.6223E+2	-2.7343E-2	-1.7984E+2	1.1003E-2	-8.5292E+1	-8.2333E+1	-8.7532E+1	-8.8124E+1
1.7395E+2	-2.8097E-2	-1.7986E+2	8.9825E-3	-8.8597E+1	-8.3014E+1	-8.9014E+1	-9.3599E+1
1.8652E+2	-2.7995E-2	-1.7987E+2	9.1144E-3	-8.4780E+1	-8.6002E+1	-8.8797E+1	-8.9389E+1
2.0000E+2	-2.7607E-2	-1.7989E+2	9.2116E-3	-8.4489E+1	-8.4779E+1	-8.8661E+1	-9.6201E+1
2.1445E+2	-2.7509E-2	-1.7990E+2	7.5269E-3	-8.5833E+1	-9.4556E+1	-9.2107E+1	-8.6800E+1
2.2995E+2	-2.7798E-2	-1.7991E+2	1.2782E-2	-8.0138E+1	-8.2719E+1	-9.2436E+1	-9.1358E+1
2.4657E+2	-2.7860E-2	-1.7993E+2	7.9866E-3	-9.0827E+1	-8.9799E+1	-9.2366E+1	-8.4062E+1
2.6439E+2	-2.8006E-2	-1.7994E+2	3.6608E-3	-9.7878E+1	-9.8256E+1	-9.6702E+1	-9.0893E+1
2.8349E+2	-2.8143E-2	-1.7996E+2	8.3670E-3	-8.5553E+1	-1.0125E+2	-8.5900E+1	-8.8037E+1
3.0398E+2	-2.7538E-2	-1.7997E+2	6.2312E-3	-8.9153E+1	-9.8119E+1	-9.1379E+1	-8.7483E+1
3.2595E+2	-2.7523E-2	-1.7998E+2	9.2212E-3	-8.1246E+1	-9.2823E+1	-1.0056E+2	-9.4117E+1
3.4951E+2	-2.7667E-2	-1.7999E+2	6.9211E-3	-9.3248E+1	-8.8943E+1	-9.2456E+1	-8.6067E+1
3.7476E+2	-2.7288E-2	1.7999E+2	4.7741E-3	-8.9780E+1	-9.5284E+1	-9.2742E+1	-9.3989E+1
4.0185E+2	-2.7763E-2	1.7998E+2	7.6000E-3	-9.4541E+1	-8.4083E+1	-1.0556E+2	-8.8264E+1
4.3089E+2	-2.7567E-2	1.7997E+2	1.1294E-2	-9.1229E+1	-8.1227E+1	-9.0738E+1	-8.4414E+1
4.6203E+2	-2.8451E-2	1.7996E+2	5.1126E-3	-8.7905E+1	-9.2308E+1	-9.4845E+1	-1.0104E+2
4.9542E+2	-2.7793E-2	1.7994E+2	6.8818E-3	-9.6568E+1	-8.4510E+1	-9.2825E+1	-9.3431E+1
5.3122E+2	-2.7898E-2	1.7993E+2	6.6231E-3	-8.9542E+1	-9.8202E+1	-8.6050E+1	-9.1932E+1
5.6961E+2	-2.7944E-2	1.7991E+2	5.1671E-3	-9.4903E+1	-8.7054E+1	-9.7007E+1	-9.7525E+1
6.1077E+2	-2.7866E-2	1.7990E+2	7.4192E-3	-9.1260E+1	-9.0450E+1	-8.4488E+1	-9.5273E+1
6.5491E+2	-2.7852E-2	1.7989E+2	7.0129E-3	-8.5772E+1	-9.4002E+1	-8.7571E+1	-9.9090E+1
7.0224E+2	-2.8164E-2	1.7987E+2	5.6868E-3	-9.6246E+1	-9.2277E+1	-9.4310E+1	-8.6917E+1
7.5299E+2	-2.8198E-2	1.7985E+2	1.0876E-2	-8.5327E+1	-8.4958E+1	-8.6064E+1	-8.4911E+1
8.0740E+2	-2.7807E-2	1.7984E+2	4.9715E-3	-8.7171E+1	-9.8255E+1	-9.6452E+1	-9.7509E+1
8.6575E+2	-2.8143E-2	1.7982E+2	8.8149E-3	-9.1954E+1	-8.3455E+1	-8.5997E+1	-9.9754E+1
9.2832E+2	-2.7953E-2	1.7980E+2	6.3067E-3	-9.1490E+1	-9.1094E+1	-9.3734E+1	-8.6846E+1
9.9540E+2	-2.8465E-2	1.7978E+2	6.7845E-3	-9.8386E+1	-8.5080E+1	-1.1377E+2	-8.8701E+1
1.0673E+3	-2.7833E-2	1.7976E+2	5.2129E-3	-8.9518E+1	-9.3251E+1	-9.1298E+1	-9.4142E+1
1.1445E+3	-2.8040E-2	1.7974E+2	8.3403E-3	-8.9732E+1	-9.0597E+1	-8.8461E+1	-8.4442E+1
1.2272E+3	-2.8340E-2	1.7972E+2	6.1045E-3	-9.7723E+1	-9.2857E+1	-8.7169E+1	-8.9505E+1
1.3159E+3	-2.8369E-2	1.7969E+2	8.8098E-3	-9.0020E+1	-8.5937E+1	-9.2177E+1	-8.4423E+1
1.4110E+3	-2.8793E-2	1.7967E+2	7.2109E-3	-9.8996E+1	-1.1549E+2	-9.3606E+1	-8.3340E+1
1.5129E+3	-2.8737E-2	1.7964E+2	1.0040E-2	-8.6279E+1	-8.4261E+1	-8.6170E+1	-8.8070E+1
1.6223E+3	-2.8975E-2	1.7962E+2	5.0958E-3	-9.1054E+1	-9.8389E+1	-8.8814E+1	-9.4517E+1
1.7395E+3	-2.8891E-2	1.7959E+2	7.0330E-3	-9.4584E+1	-8.6294E+1	-9.0362E+1	-8.8759E+1
1.8652E+3	-2.9048E-2	1.7955E+2	5.6404E-3	-8.9294E+1	-9.6747E+1	-8.7871E+1	-9.7936E+1
2.0000E+3	-2.8721E-2	1.7952E+2	9.7155E-3	-8.5296E+1	-9.1714E+1	-8.9546E+1	-8.3278E+1
2.1445E+3	-2.9404E-2	1.7948E+2	6.3453E-3	-8.5921E+1	-9.1588E+1	-9.2604E+1	-9.6466E+1
2.2995E+3	-2.9427E-2	1.7944E+2	4.9181E-3	-9.2143E+1	-8.9137E+1	-9.9896E+1	-9.3134E+1
2.4657E+3	-2.9404E-2	1.7940E+2	5.7761E-3	-9.1146E+1	-9.3211E+1	-8.6911E+1	-1.0265E+2
2.6439E+3	-2.9833E-2	1.7935E+2	3.7061E-3	-9.6315E+1	-9.3270E+1	-9.4908E+1	-9.4610E+1
2.8349E+3	-2.9930E-2	1.7931E+2	6.4926E-3	-9.3220E+1	-8.4785E+1	-1.0116E+2	-9.4687E+1
3.0398E+3	-3.0230E-2	1.7925E+2	6.6057E-3	-8.7403E+1	-8.6930E+1	-9.4083E+1	-9.8960E+1
3.2595E+3	-3.0250E-2	1.7920E+2	9.1071E-3	-9.4199E+1	-8.7588E+1	-8.6645E+1	-8.3973E+1
3.4951E+3	-3.0569E-2	1.7914E+2	6.1388E-3	-9.0748E+1	-8.6680E+1	-9.1978E+1	-9.8390E+1
3.7476E+3	-3.0965E-2	1.7908E+2	6.5005E-3	-9.2680E+1	-8.6204E+1	-9.3826E+1	-9.0580E+1
4.0185E+3	-3.1433E-2	1.7901E+2	8.5680E-3	-8.5369E+1	-8.5342E+1	-9.1204E+1	-9.1215E+1
4.3089E+3	-3.1621E-2	1.7894E+2	5.0219E-3	-9.1549E+1	-1.0154E+2	-1.0163E+2	-8.7739E+1
4.6203E+3	-3.1992E-2	1.7887E+2	6.4856E-3	-8.6322E+1	-9.9367E+1	-9.0037E+1	-9.1154E+1
4.9542E+3	-3.2270E-2	1.7878E+2	6.1565E-3	-8.7414E+1	-1.0609E+2	-8.7320E+1	-1.0008E+2
5.3122E+3	-3.3036E-2	1.7870E+2	6.1679E-3	-1.0010E+2	-8.7992E+1	-8.7034E+1	-9.8577E+1
5.6961E+3	-3.3140E-2	1.7860E+2	5.1600E-3	-9.3291E+1	-9.2777E+1	-8.9933E+1	-9.1866E+1
6.1077E+3	-3.3361E-2	1.7850E+2	1.0299E-2	-8.5859E+1	-8.3191E+1	-8.5642E+1	-9.3120E+1
6.5491E+3	-3.4399E-2	1.7839E+2	6.1007E-3	-9.0736E+1	-8.8620E+1	-9.3339E+1	-8.9829E+1
7.0224E+3	-3.4688E-2	1.7828E+2	9.1112E-3	-9.2671E+1	-8.7702E+1	-8.6195E+1	-8.4363E+1
7.5299E+3	-3.5687E-2	1.7816E+2	4.1125E-3	-9.5480E+1	-8.9339E+1	-9.9024E+1	-9.9263E+1
8.0740E+3	-3.6376E-2	1.7803E+2	7.3658E-3	-9.0424E+1	-9.2873E+1	-8.4741E+1	-9.1898E+1
8.6575E+3	-3.6950E-2	1.7789E+2	7.3529E-3	-8.6865E+1	-8.7661E+1	-8.9337E+1	-9.3280E+1
9.2832E+3	-3.7935E-2	1.7774E+2	5.3885E-3	-9.1104E+1	-8.8417E+1	-9.8567E+1	-9.2603E+1
9.9540E+3	-3.8950E-2	1.7758E+2	5.7331E-3	-8.6658E+1	-1.0551E+2	-9.4098E+1	-9.1483E+1
1.0673E+4	-3.9716E-2	1.7740E+2	7.8565E-3	-8.5832E+1	-8.7404E+1	-8.8365E+1	-9.5426E+1
1.1445E+4	-4.0871E-2	1.7722E+2	7.5589E-3	-8.6333E+1	-8.6691E+1	-9.0948E+1	-9.3559E+1
1.2272E+4	-4.2197E-2	1.7702E+2	5.4032E-3	-9.9398E+1	-9.3625E+1	-8.6992E+1	-9.4302E+1
1.3159E+4	-4.3845E-2	1.7681E+2	1.1952E-2	-8.0396E+1	-8.4489E+1	-8.8190E+1	-1.0085E+2
1.4110E+4	-4.4797E-2	1.7658E+2	6.3521E-3	-8.9503E+1	-8.7320E+1	-9.1951E+1	-9.3746E+1
1.5129E+4	-4.6539E-2	1.7634E+2	7.4430E-3	-8.6139E+1	-9.0467E+1	-9.4565E+1	-8.7306E+1
1.6223E+4	-4.8444E-2	1.7608E+2	8.9929E-3	-9.2469E+1	-8.7290E+1	-9.1706E+1	-8.3028E+1
1.7395E+4	-5.0447E-2	1.7580E+2	6.0746E-3	-8.9013E+1	-9.5103E+1	-9.2394E+1	-8.8097E+1
1.8652E+4	-5.2229E-2	1.7550E+2	7.7599E-3	-8.5745E+1	-9.0163E+1	-9.0275E+1	-8.8368E+1
2.0000E+4	-5.4693E-2	1.7519E+2	5.2659E-3	-9.4487E+1	-9.0701E+1	-8.8099E+1	-1.0776E+2
