%	Date:	2010-12-20	Time:	17:12:10
%	Sampling frequency		[Hz]:	204800
%	Generator amplitude		[V]:	0.031600
%	Settle time		[s]:	0.025000
%	Settle cycles:			5
%	Integration time		[s]:	0.025000
%	Integration cycles:			5
% Freq.	Amplitude	Phase	THD	HD 2	HD 3	HD 4	HD 5
% [Hz]	[dB]	[deg]	[%]	[dB ref fund]	[dB ref fund]	[dB ref fund]	[dB ref fund]
1.0000E+1	-4.9008E+1	-1.0078E+2	6.6382E+0	-3.0373E+1	-3.3537E+1	-3.5215E+1	-2.5614E+1
1.0966E+1	-4.8357E+1	-1.0596E+2	4.9891E+0	-2.8274E+1	-3.4874E+1	-3.8040E+1	-3.2852E+1
1.2025E+1	-4.7749E+1	-1.0891E+2	6.5866E+0	-3.0842E+1	-3.7573E+1	-2.5530E+1	-3.2670E+1
1.3186E+1	-4.7227E+1	-1.1348E+2	3.3232E+0	-3.5439E+1	-3.4128E+1	-4.0352E+1	-3.4689E+1
1.4459E+1	-4.6868E+1	-1.1790E+2	3.9175E+0	-3.3056E+1	-3.2915E+1	-3.5125E+1	-3.6547E+1
1.5856E+1	-4.6364E+1	-1.2082E+2	7.3255E+0	-2.7929E+1	-2.4849E+1	-3.5284E+1	-3.7339E+1
1.7387E+1	-4.6089E+1	-1.2526E+2	7.2343E+0	-3.4002E+1	-2.4152E+1	-3.2076E+1	-3.4305E+1
1.9066E+1	-4.5703E+1	-1.2883E+2	4.2037E+0	-3.2656E+1	-3.5367E+1	-3.3451E+1	-3.3167E+1
2.0908E+1	-4.5431E+1	-1.3304E+2	5.9723E+0	-3.8473E+1	-4.6164E+1	-3.3142E+1	-2.5353E+1
2.2927E+1	-4.5016E+1	-1.3454E+2	6.3133E+0	-2.4689E+1	-4.8651E+1	-4.4103E+1	-3.2707E+1
2.5141E+1	-4.4764E+1	-1.4008E+2	7.2073E+0	-2.8354E+1	-3.3665E+1	-2.4968E+1	-3.9274E+1
2.7569E+1	-4.4666E+1	-1.4259E+2	5.3984E+0	-2.6328E+1	-4.0793E+1	-4.7743E+1	-3.3145E+1
3.0231E+1	-4.4389E+1	-1.4442E+2	5.6394E+0	-2.6199E+1	-3.6144E+1	-4.6054E+1	-3.2899E+1
3.3151E+1	-4.4251E+1	-1.4607E+2	5.8605E+0	-3.7463E+1	-2.4988E+1	-4.3159E+1	-4.4417E+1
3.6353E+1	-4.4015E+1	-1.4964E+2	4.4824E+0	-2.9726E+1	-3.3588E+1	-3.8243E+1	-3.4481E+1
3.9863E+1	-4.4303E+1	-1.5065E+2	4.3458E+0	-3.4701E+1	-3.1818E+1	-3.4498E+1	-3.2701E+1
4.3713E+1	-4.3992E+1	-1.5392E+2	5.6579E+0	-3.5837E+1	-2.8270E+1	-2.8555E+1	-4.2498E+1
4.7935E+1	-4.3519E+1	-1.5668E+2	7.3677E+0	-2.7581E+1	-2.8926E+1	-2.6591E+1	-3.6775E+1
5.2564E+1	-4.3760E+1	-1.6089E+2	4.4119E+0	-3.3457E+1	-2.9079E+1	-3.6282E+1	-4.6227E+1
5.7640E+1	-4.3778E+1	-1.6080E+2	4.7038E+0	-2.7795E+1	-4.7770E+1	-3.6696E+1	-3.4943E+1
6.3207E+1	-4.3611E+1	-1.6256E+2	4.6135E+0	-3.0050E+1	-3.6304E+1	-3.3954E+1	-3.2981E+1
6.9311E+1	-4.3313E+1	-1.6151E+2	7.1050E+0	-2.9037E+1	-2.6365E+1	-3.4857E+1	-2.9341E+1
7.6005E+1	-4.3278E+1	-1.6476E+2	6.1987E+0	-3.1483E+1	-2.8409E+1	-2.7977E+1	-4.0175E+1
8.3345E+1	-4.3284E+1	-1.6701E+2	5.9912E+0	-4.5552E+1	-2.7765E+1	-3.7033E+1	-2.7719E+1
9.1394E+1	-4.3242E+1	-1.6355E+2	8.7615E+0	-3.2755E+1	-2.6112E+1	-2.5635E+1	-2.7064E+1
1.0022E+2	-4.3596E+1	-1.6417E+2	8.8524E+0	-3.0071E+1	-2.8901E+1	-2.2839E+1	-3.4398E+1
1.0990E+2	-4.3144E+1	-1.7556E+2	4.7342E+0	-3.8349E+1	-2.8013E+1	-3.5395E+1	-3.6460E+1
1.2051E+2	-4.3008E+1	-1.6743E+2	6.7517E+0	-3.2457E+1	-2.6920E+1	-3.8534E+1	-2.7404E+1
1.3215E+2	-4.3636E+1	-1.7160E+2	5.1842E+0	-3.0878E+1	-2.8380E+1	-3.6129E+1	-3.7575E+1
1.4491E+2	-4.2908E+1	-1.6871E+2	5.0207E+0	-2.8397E+1	-3.4790E+1	-3.2663E+1	-3.6976E+1
1.5891E+2	-4.3661E+1	-1.6797E+2	1.2663E+1	-2.7784E+1	-2.7715E+1	-1.9684E+1	-2.7159E+1
1.7426E+2	-4.3522E+1	-1.7109E+2	9.4985E+0	-2.4392E+1	-3.4693E+1	-2.7815E+1	-2.4696E+1
1.9108E+2	-4.3291E+1	-1.7604E+2	1.1153E+1	-2.2539E+1	-2.4386E+1	-2.6558E+1	-2.9937E+1
2.0954E+2	-4.3043E+1	-1.7410E+2	6.7004E+0	-3.0443E+1	-3.4740E+1	-2.5000E+1	-4.0516E+1
2.2977E+2	-4.3332E+1	-1.7243E+2	1.0967E+1	-3.6180E+1	-2.1851E+1	-2.6067E+1	-2.5553E+1
2.5196E+2	-4.3927E+1	-1.7306E+2	7.4601E+0	-2.7832E+1	-2.4483E+1	-4.0263E+1	-3.5818E+1
2.7630E+2	-4.3084E+1	-1.7726E+2	8.3450E+0	-3.2065E+1	-3.0364E+1	-2.7046E+1	-2.4624E+1
3.0298E+2	-4.3024E+1	-1.7414E+2	3.9376E+0	-3.0405E+1	-3.8126E+1	-3.4477E+1	-3.8900E+1
3.3224E+2	-4.3217E+1	-1.7318E+2	7.5669E+0	-2.4535E+1	-3.8479E+1	-2.8420E+1	-3.2040E+1
3.6433E+2	-4.2832E+1	-1.7322E+2	9.6934E+0	-2.4314E+1	-2.6946E+1	-3.6357E+1	-2.4633E+1
3.9951E+2	-4.2930E+1	-1.7505E+2	8.0669E+0	-3.1402E+1	-2.5684E+1	-2.7416E+1	-2.8966E+1
4.3810E+2	-4.2761E+1	-1.7719E+2	1.0701E+1	-2.6968E+1	-2.7438E+1	-2.6190E+1	-2.2812E+1
4.8040E+2	-4.3098E+1	-1.7609E+2	2.0880E+1	-2.9401E+1	-2.6107E+1	-1.4051E+1	-3.1864E+1
5.2680E+2	-4.3518E+1	-1.7662E+2	8.3302E+0	-2.6450E+1	-3.6001E+1	-2.8294E+1	-2.5313E+1
5.7767E+2	-4.3084E+1	-1.7495E+2	8.4391E+0	-2.5311E+1	-2.5274E+1	-3.4060E+1	-3.0881E+1
6.3346E+2	-4.3343E+1	-1.7583E+2	2.1179E+1	-2.9434E+1	-1.3758E+1	-2.9320E+1	-3.3401E+1
6.9464E+2	-4.2929E+1	-1.7517E+2	1.0534E+1	-2.7513E+1	-2.4942E+1	-3.8317E+1	-2.2239E+1
7.6173E+2	-4.3109E+1	-1.7322E+2	6.4090E+0	-3.2947E+1	-3.0877E+1	-3.4206E+1	-2.6192E+1
8.3529E+2	-4.3282E+1	-1.7312E+2	9.4018E+0	-2.6050E+1	-2.3283E+1	-2.8944E+1	-3.4148E+1
9.1596E+2	-4.3297E+1	-1.7486E+2	1.0005E+1	-3.5941E+1	-2.2655E+1	-2.5653E+1	-2.7935E+1
1.0044E+3	-4.2968E+1	-1.7275E+2	8.4372E+0	-3.0018E+1	-2.5257E+1	-4.5860E+1	-2.5064E+1
1.1014E+3	-4.3573E+1	-1.7292E+2	5.8747E+0	-2.6210E+1	-3.4148E+1	-4.4905E+1	-3.1934E+1
1.2078E+3	-4.3497E+1	-1.7136E+2	1.0075E+1	-2.2908E+1	-2.6381E+1	-2.8240E+1	-2.9095E+1
1.3244E+3	-4.3172E+1	-1.7063E+2	1.1744E+1	-2.5313E+1	-2.1355E+1	-3.2267E+1	-2.5320E+1
1.4523E+3	-4.3238E+1	-1.6709E+2	9.0053E+0	-3.0398E+1	-2.5715E+1	-2.6247E+1	-2.6692E+1
1.5926E+3	-4.2692E+1	-1.6880E+2	3.6134E+0	-3.9810E+1	-4.8670E+1	-3.0777E+1	-3.4541E+1
1.7464E+3	-4.3263E+1	-1.6991E+2	1.0970E+1	-2.2342E+1	-2.5023E+1	-2.7634E+1	-2.8750E+1
1.9151E+3	-4.3210E+1	-1.5688E+2	9.6752E+0	-2.6047E+1	-2.3083E+1	-2.7337E+1	-3.9494E+1
2.1000E+3	-4.3147E+1	-1.6744E+2	8.1233E+0	-2.8336E+1	-2.3773E+1	-3.1260E+1	-3.7246E+1
2.3028E+3	-4.2603E+1	-1.6226E+2	7.3536E+0	-2.8935E+1	-3.2420E+1	-2.4820E+1	-3.5830E+1
2.5252E+3	-4.2574E+1	-1.6761E+2	6.8783E+0	-3.6508E+1	-4.4147E+1	-3.0609E+1	-2.4437E+1
2.7691E+3	-4.3069E+1	-1.6434E+2	1.1277E+1	-3.9532E+1	-3.6671E+1	-2.7087E+1	-1.9816E+1
3.0365E+3	-4.2954E+1	-1.6082E+2	8.2241E+0	-2.3951E+1	-3.1680E+1	-2.9641E+1	-3.0124E+1
3.3297E+3	-4.2854E+1	-1.6207E+2	7.9136E+0	-2.9317E+1	-3.2510E+1	-2.3869E+1	-3.3681E+1
3.6513E+3	-4.2532E+1	-1.6054E+2	3.8612E+0	-3.3215E+1	-4.4634E+1	-4.7673E+1	-3.0166E+1
4.0039E+3	-4.2356E+1	-1.5814E+2	7.0606E+0	-2.5281E+1	-5.7251E+1	-2.7460E+1	-3.6481E+1
4.3906E+3	-4.2155E+1	-1.5377E+2	4.6029E+0	-2.9273E+1	-3.1586E+1	-3.8644E+1	-3.9755E+1
4.8146E+3	-4.2324E+1	-1.5485E+2	7.9036E+0	-2.7820E+1	-3.0334E+1	-2.9172E+1	-2.6093E+1
5.2796E+3	-4.1595E+1	-1.5333E+2	7.6415E+0	-2.7416E+1	-2.4909E+1	-3.1721E+1	-3.9068E+1
5.7895E+3	-4.1701E+1	-1.5142E+2	8.4741E+0	-3.1447E+1	-2.2920E+1	-3.0763E+1	-3.2840E+1
6.3486E+3	-4.0983E+1	-1.4630E+2	6.1838E+0	-2.6456E+1	-3.1552E+1	-3.0802E+1	-4.5012E+1
6.9617E+3	-4.0941E+1	-1.4420E+2	4.7782E+0	-3.3551E+1	-4.9699E+1	-3.4975E+1	-2.8202E+1
7.6340E+3	-4.0296E+1	-1.4403E+2	9.7372E+0	-3.4715E+1	-2.8405E+1	-2.5827E+1	-2.2936E+1
8.3713E+3	-4.0306E+1	-1.4030E+2	9.4776E+0	-3.3894E+1	-2.5208E+1	-2.4928E+1	-2.6299E+1
9.1798E+3	-3.9626E+1	-1.3748E+2	2.4634E+1	-2.7905E+1	-3.0448E+1	-3.7480E+1	-1.2367E+1
1.0066E+4	-3.9342E+1	-1.3717E+2	8.1540E+0	-3.4301E+1	-2.4830E+1	-2.9536E+1	-2.7268E+1
1.1038E+4	-3.8877E+1	-1.3452E+2	7.7076E+0	-2.5687E+1	-3.1402E+1	-2.8013E+1	-3.0283E+1
1.2104E+4	-3.8422E+1	-1.3175E+2	7.8642E+0	-3.1359E+1	-2.6137E+1	-2.9143E+1	-2.7445E+1
1.3273E+4	-3.7917E+1	-1.3193E+2	1.0514E+1	-2.7632E+1	-2.8678E+1	-2.4833E+1	-2.3291E+1
1.4555E+4	-3.7188E+1	-1.3089E+2	7.0894E+0	-3.1369E+1	-2.8399E+1	-2.7540E+1	-2.9631E+1
1.5961E+4	-3.6515E+1	-1.2910E+2	8.8145E+0	-2.9780E+1	-2.5032E+1	-2.8882E+1	-2.6412E+1
1.7502E+4	-3.6086E+1	-1.2827E+2	6.7219E+0	-3.2197E+1	-2.9886E+1	-2.9827E+1	-2.7333E+1
1.9193E+4	-3.5299E+1	-1.2722E+2	8.9723E+0	-3.8013E+1	-2.6028E+1	-2.5118E+1	-2.6347E+1
2.1046E+4	-3.4679E+1	-1.2668E+2	6.8617E+0	-3.4029E+1	-2.5729E+1	-2.7853E+1	NaN
2.3079E+4	-3.3930E+1	-1.2695E+2	8.4503E+0	-2.5404E+1	-2.6144E+1	-2.7376E+1	NaN
2.5308E+4	-3.3251E+1	-1.2691E+2	7.8322E+0	-2.8565E+1	-2.4760E+1	-2.8537E+1	NaN
2.7752E+4	-3.2634E+1	-1.2569E+2	6.3229E+0	-3.1728E+1	-2.4781E+1	NaN	NaN
3.0432E+4	-3.1892E+1	-1.2649E+2	7.1884E+0	-3.1227E+1	-2.3552E+1	NaN	NaN
3.3371E+4	-3.1280E+1	-1.2724E+2	5.2721E+0	-3.1699E+1	-2.6771E+1	NaN	NaN
3.6594E+4	-3.0482E+1	-1.2791E+2	1.7351E+0	-3.5214E+1	NaN	NaN	NaN
4.0128E+4	-2.9797E+1	-1.2958E+2	2.3414E+0	-3.2610E+1	NaN	NaN	NaN
4.4003E+4	-2.9065E+1	-1.3083E+2	2.3387E+0	-3.2621E+1	NaN	NaN	NaN
4.8253E+4	-2.8346E+1	-1.3371E+2	3.1613E+0	-3.0003E+1	NaN	NaN	NaN
5.2912E+4	-2.7682E+1	-1.3548E+2	NaN	NaN	NaN	NaN	NaN
5.8023E+4	-2.6945E+1	-1.3889E+2	NaN	NaN	NaN	NaN	NaN
6.3626E+4	-2.6233E+1	-1.4276E+2	NaN	NaN	NaN	NaN	NaN
6.9771E+4	-2.5579E+1	-1.4702E+2	NaN	NaN	NaN	NaN	NaN
7.6509E+4	-2.4951E+1	-1.5276E+2	NaN	NaN	NaN	NaN	NaN
8.3898E+4	-2.4487E+1	-1.5882E+2	NaN	NaN	NaN	NaN	NaN
9.2000E+4	-2.4079E+1	-1.6591E+2	NaN	NaN	NaN	NaN	NaN
