%	Date:	2010-12-20	Time:	17:29:49
%	Sampling frequency		[Hz]:	204800
%	Generator amplitude		[V]:	2.0000
%	Settle time		[s]:	0.025000
%	Settle cycles:			5
%	Integration time		[s]:	0.025000
%	Integration cycles:			5
% Freq.	Amplitude	Phase	THD	HD 2	HD 3	HD 4	HD 5
% [Hz]	[dB]	[deg]	[%]	[dB ref fund]	[dB ref fund]	[dB ref fund]	[dB ref fund]
1.0000E+1	-9.0496E+1	1.4920E+2	7.1456E+4	-3.4173E+1	-2.9861E+1	-2.1728E+1	5.7081E+1
1.0966E+1	-8.9715E+1	1.4651E+2	1.5343E+3	-2.5581E+1	-1.1742E+1	1.5705E+1	2.2970E+1
1.2025E+1	-8.9527E+1	1.4626E+2	4.0964E+4	-1.8464E+1	-4.0225E+0	5.2248E+1	4.9573E+0
1.3186E+1	-8.9005E+1	1.3769E+2	2.7981E+4	-2.9039E+1	-8.7487E+0	4.8937E+1	-2.4655E+1
1.4459E+1	-8.8161E+1	1.2933E+2	1.5935E+3	-9.6258E+0	2.2818E+1	1.7950E+1	-1.1175E+1
1.5856E+1	-8.7055E+1	1.3243E+2	3.1201E+4	-5.7727E+0	4.9883E+1	2.5597E+0	-1.7039E+1
1.7387E+1	-8.5551E+1	1.3131E+2	3.0421E+4	3.1827E+0	4.9663E+1	-3.0101E+0	-2.1429E+1
1.9066E+1	-8.6175E+1	1.3235E+2	1.0128E+3	4.9256E+0	1.9967E+1	-1.6999E+1	-6.9735E+0
2.0908E+1	-8.5440E+1	1.2582E+2	2.7911E+2	8.5212E+0	-4.3255E+0	-3.2291E+1	-5.1443E+0
2.2927E+1	-8.3310E+1	1.1778E+2	1.7064E+4	4.4642E+1	-6.9755E+0	-2.0143E+1	-3.4038E+1
2.5141E+1	-8.3818E+1	1.2741E+2	3.1657E+4	5.0009E+1	-1.8881E+1	1.1816E-2	-2.0832E+1
2.7569E+1	-8.2927E+1	1.3551E+2	1.5824E+4	4.3986E+1	-1.7047E+1	-2.7422E+1	3.4007E+0
3.0231E+1	-7.2813E+1	1.2701E+2	2.0680E+3	1.5923E+1	-1.9265E+1	-2.7168E+1	2.5894E+1
3.3151E+1	-6.6806E+1	-1.6084E+2	1.1900E+2	1.1095E+0	-1.7703E+1	-1.4711E+1	-1.1287E+1
3.6353E+1	-6.4555E+1	1.2760E+2	5.9394E+2	-1.6597E+1	-2.7828E+1	1.5472E+1	-3.0377E+1
3.9863E+1	-4.4031E+1	1.2349E+2	2.6999E+1	-3.6020E+1	-5.1347E+1	-1.1391E+1	-4.3570E+1
4.3713E+1	-3.6823E+1	4.9685E+1	8.7129E-1	-4.6170E+1	-4.3560E+1	-5.2235E+1	-5.7627E+1
4.7935E+1	-3.4163E+1	-5.4607E+1	1.8663E+1	-4.6648E+1	-1.5010E+1	-5.4323E+1	-2.4877E+1
5.2564E+1	-3.4192E+1	-1.5448E+2	1.7190E+1	-4.9467E+1	-1.5611E+1	-5.8730E+1	-2.6855E+1
5.7640E+1	-3.6309E+1	1.4216E+2	1.4938E+0	-4.9109E+1	-6.2996E+1	-3.6801E+1	-5.8191E+1
6.3207E+1	-4.0351E+1	1.4310E+2	2.5910E+1	-3.7936E+1	-5.1791E+1	-1.1742E+1	-5.1623E+1
6.9311E+1	-4.6331E+1	8.5562E+1	6.0928E+1	-4.3798E+0	-4.8722E+1	-4.5515E+1	-2.1934E+1
7.6005E+1	-5.7393E+1	-6.6843E+1	3.3831E+2	1.0531E+1	-8.5005E+0	-2.4717E+1	-3.3397E+1
8.3345E+1	-7.3600E+1	8.9367E+1	1.6477E+3	2.0807E+1	2.1769E+1	-1.2472E+0	-1.4261E+1
9.1394E+1	-7.0613E+1	-2.4469E+1	5.6234E+2	-1.9557E+0	7.5139E+0	-2.2916E+0	1.3936E+1
1.0022E+2	-7.3828E+1	-1.4859E+2	1.0640E+2	-7.7217E+0	-4.9449E+0	-3.8121E+0	-6.4370E+0
1.0990E+2	-6.8304E+1	3.5610E+1	4.2853E+2	3.2165E+0	-6.9780E+0	1.1084E+1	5.0954E+0
1.2051E+2	-5.8722E+1	-1.0552E+2	2.0304E+2	5.9529E+0	-1.1107E+1	-1.0152E+1	-1.9871E+1
1.3215E+2	-4.8984E+1	1.4321E+2	8.5528E+1	-4.5121E+0	-3.3175E+1	-1.7630E+1	-4.4378E+0
1.4491E+2	-4.6764E+1	4.9273E+1	3.4890E+1	-1.8073E+1	-1.1014E+1	-2.2607E+1	-1.6679E+1
1.5891E+2	-4.7294E+1	1.7311E+2	5.4879E+1	-2.3430E+1	-1.2538E+1	-6.2232E+0	-2.6405E+1
1.7426E+2	-4.8424E+1	1.2067E+2	2.9868E+1	-1.9473E+1	-2.0076E+1	-1.6337E+1	-1.3482E+1
1.9108E+2	-5.3851E+1	-1.5502E+2	5.2101E+1	-2.3814E+1	-1.4473E+1	-7.0754E+0	-1.4497E+1
2.0954E+2	-5.8337E+1	6.0547E+1	2.0454E+2	-2.8561E+0	3.6897E+0	-9.5442E-1	-2.8066E+0
2.2977E+2	-5.2932E+1	1.6145E+2	8.9258E+1	-3.1180E+0	-5.4510E+0	-1.7634E+1	-2.1759E+1
2.5196E+2	-5.3209E+1	-1.5960E+2	5.2052E+1	-2.4407E+1	-6.9700E+0	-1.6936E+1	-1.3357E+1
2.7630E+2	-5.2305E+1	1.1557E+2	5.3042E+1	-1.2749E+1	-6.6036E+0	-2.6574E+1	-2.1279E+1
3.0298E+2	-5.9017E+1	1.1925E+2	8.8297E+1	-1.6984E+0	-1.1908E+1	-1.7254E+1	-1.6980E+1
3.3224E+2	-6.4582E+1	7.5331E+1	3.7564E+2	1.1363E+1	-1.4548E+1	-4.1361E+0	-2.4183E+1
3.6433E+2	-6.3651E+1	7.2733E+1	1.5685E+2	1.6198E+0	-9.8570E+0	-6.1543E-1	-1.4314E+1
3.9951E+2	-6.0827E+1	6.9160E+1	7.5349E+1	-2.9721E+0	-1.5909E+1	-1.8722E+1	-1.6153E+1
4.3810E+2	-6.1431E+1	-1.7188E+2	1.2287E+2	1.2484E+0	-1.2282E+1	-9.7529E+0	-1.9303E+1
4.8040E+2	-5.3006E+1	7.8899E+1	2.7267E+1	-1.6815E+1	-1.2926E+1	-2.6840E+1	-3.3245E+1
5.2680E+2	-5.9434E+1	1.0586E+2	8.7615E+1	-1.5575E+0	-1.6112E+1	-2.9531E+1	-1.3624E+1
5.7767E+2	-5.7416E+1	1.0729E+2	2.3797E+1	-2.0259E+1	-1.4559E+1	-2.0680E+1	-2.4368E+1
6.3346E+2	-5.0142E+1	4.9975E+1	1.6251E+1	-1.7396E+1	-3.0777E+1	-2.3511E+1	-2.5366E+1
6.9464E+2	-5.2798E+1	1.1159E+2	1.2623E+1	-2.2444E+1	-2.4436E+1	-2.2705E+1	-2.8960E+1
7.6173E+2	-5.1076E+1	9.3630E+1	7.8192E+0	-2.2673E+1	-3.6812E+1	-3.3371E+1	-4.3809E+1
8.3529E+2	-5.4897E+1	5.8114E+1	2.0581E+1	-2.5053E+1	-2.1906E+1	-1.5919E+1	-2.1429E+1
9.1596E+2	-5.2930E+1	9.2683E+1	1.4192E+1	-2.2101E+1	-1.9232E+1	-2.7446E+1	-3.6190E+1
1.0044E+3	-5.3105E+1	8.4850E+1	5.9799E+0	-2.8228E+1	-4.6245E+1	-2.8120E+1	-3.2953E+1
1.1014E+3	-5.1295E+1	8.0160E+1	6.8542E+0	-3.0966E+1	-2.4310E+1	-4.0384E+1	-4.0048E+1
1.2078E+3	-4.9700E+1	8.6337E+1	5.1325E+0	-3.0964E+1	-3.1025E+1	-3.1564E+1	-3.4607E+1
1.3244E+3	-5.0212E+1	8.6246E+1	1.0779E+1	-2.0146E+1	-2.7414E+1	-5.1352E+1	-3.8927E+1
1.4523E+3	-4.7481E+1	8.0876E+1	2.2744E+0	-3.6877E+1	-3.8957E+1	-4.9077E+1	-3.7632E+1
1.5926E+3	-4.8234E+1	8.0373E+1	3.5451E+0	-3.1127E+1	-3.5097E+1	-4.8040E+1	-3.7946E+1
1.7464E+3	-4.7569E+1	8.4119E+1	1.7059E+0	-3.7279E+1	-4.3396E+1	-4.5686E+1	-4.5063E+1
1.9151E+3	-4.6575E+1	8.1813E+1	2.8970E+0	-3.2086E+1	-4.2835E+1	-4.0827E+1	-4.0654E+1
2.1000E+3	-4.5814E+1	7.9629E+1	2.0392E+0	-3.5406E+1	-3.9783E+1	-5.1876E+1	-4.7900E+1
2.3028E+3	-4.5264E+1	7.9012E+1	1.4561E+0	-4.1519E+1	-4.3631E+1	-5.3072E+1	-4.0302E+1
2.5252E+3	-4.4442E+1	7.9473E+1	1.8314E+0	-3.9299E+1	-3.9739E+1	-4.0854E+1	-4.5296E+1
2.7691E+3	-4.3400E+1	7.8565E+1	1.2145E+0	-4.0918E+1	-4.5090E+1	-4.5199E+1	-5.2698E+1
3.0365E+3	-4.2840E+1	7.5797E+1	1.3136E+0	-3.8718E+1	-5.5548E+1	-4.7336E+1	-4.7708E+1
3.3297E+3	-4.2346E+1	7.3146E+1	1.2162E+0	-4.3826E+1	-5.1160E+1	-4.4225E+1	-4.2146E+1
3.6513E+3	-4.1561E+1	7.3190E+1	5.9795E-1	-5.0187E+1	-4.9182E+1	-4.9292E+1	-5.6323E+1
4.0039E+3	-4.0753E+1	7.1640E+1	8.4798E-1	-4.9071E+1	-4.7225E+1	-4.8621E+1	-4.5712E+1
4.3906E+3	-4.0111E+1	7.0234E+1	9.1500E-1	-4.6358E+1	-4.9997E+1	-4.2962E+1	-7.5622E+1
4.8146E+3	-3.9522E+1	6.8968E+1	1.8479E+0	-4.8205E+1	-5.1917E+1	-3.5124E+1	-4.9000E+1
5.2796E+3	-3.8883E+1	6.7371E+1	7.1930E-1	-4.7462E+1	-5.0956E+1	-4.8471E+1	-4.9373E+1
5.7895E+3	-3.8204E+1	6.6139E+1	6.3386E-1	-4.6229E+1	-5.6874E+1	-5.2120E+1	-5.0885E+1
6.3486E+3	-3.7696E+1	6.4294E+1	8.2442E-1	-4.8069E+1	-4.3327E+1	-6.2096E+1	-5.2787E+1
6.9617E+3	-3.7076E+1	6.2917E+1	5.3274E-1	-4.7419E+1	-5.3299E+1	-6.0233E+1	-5.3337E+1
7.6340E+3	-3.6597E+1	6.1126E+1	4.9384E-1	-4.7824E+1	-5.5167E+1	-5.3435E+1	-6.5164E+1
8.3713E+3	-3.6051E+1	5.9707E+1	7.2702E-1	-4.3166E+1	-5.4170E+1	-6.4690E+1	-6.3438E+1
9.1798E+3	-3.5592E+1	5.8210E+1	1.9560E+0	-4.3164E+1	-5.4044E+1	-6.0342E+1	-3.4822E+1
1.0066E+4	-3.5123E+1	5.6928E+1	5.7807E-1	-4.5342E+1	-5.5736E+1	-6.3816E+1	-5.9582E+1
1.1038E+4	-3.4696E+1	5.5756E+1	5.5170E-1	-4.9987E+1	-6.4112E+1	-4.7172E+1	-6.0747E+1
1.2104E+4	-3.4251E+1	5.4596E+1	5.0666E-1	-4.8717E+1	-5.7475E+1	-5.5477E+1	-5.1186E+1
1.3273E+4	-3.3831E+1	5.3469E+1	6.9467E-1	-4.4234E+1	-5.9633E+1	-5.6068E+1	-5.1564E+1
1.4555E+4	-3.3403E+1	5.2499E+1	5.6751E-1	-4.8784E+1	-5.3889E+1	-4.8387E+1	-6.4046E+1
1.5961E+4	-3.2983E+1	5.1930E+1	1.4005E+0	-4.6149E+1	-5.1561E+1	-3.7982E+1	-5.2417E+1
1.7502E+4	-3.2571E+1	5.1253E+1	4.8393E-1	-4.7194E+1	-5.8799E+1	-6.2463E+1	-5.6103E+1
1.9193E+4	-3.2162E+1	5.0920E+1	6.6918E-1	-4.5339E+1	-6.0545E+1	-5.8437E+1	-4.8789E+1
2.1046E+4	-3.1720E+1	4.9992E+1	1.4194E+0	-4.4576E+1	-3.7824E+1	-5.8088E+1	NaN
2.3079E+4	-3.1310E+1	4.9755E+1	6.2191E-1	-4.5884E+1	-7.0041E+1	-4.8934E+1	NaN
2.5308E+4	-3.0840E+1	4.9339E+1	6.9672E-1	-4.3244E+1	-6.4215E+1	-6.1068E+1	NaN
2.7752E+4	-3.0377E+1	4.8893E+1	7.2604E-1	-4.2937E+1	-5.7298E+1	NaN	NaN
3.0432E+4	-2.9889E+1	4.8387E+1	3.6008E+0	-4.3119E+1	-2.9039E+1	NaN	NaN
3.3371E+4	-2.9375E+1	4.7879E+1	9.1481E-1	-4.0798E+1	-6.3275E+1	NaN	NaN
3.6594E+4	-2.8842E+1	4.7241E+1	8.9664E-1	-4.0948E+1	NaN	NaN	NaN
4.0128E+4	-2.8307E+1	4.6417E+1	8.0014E-1	-4.1937E+1	NaN	NaN	NaN
4.4003E+4	-2.7741E+1	4.5445E+1	8.4199E-1	-4.1494E+1	NaN	NaN	NaN
4.8253E+4	-2.7186E+1	4.4136E+1	8.2588E-1	-4.1662E+1	NaN	NaN	NaN
5.2912E+4	-2.6626E+1	4.2731E+1	NaN	NaN	NaN	NaN	NaN
5.8023E+4	-2.6063E+1	4.0940E+1	NaN	NaN	NaN	NaN	NaN
6.3626E+4	-2.5527E+1	3.8427E+1	NaN	NaN	NaN	NaN	NaN
6.9771E+4	-2.4956E+1	3.6764E+1	NaN	NaN	NaN	NaN	NaN
7.6509E+4	-2.4420E+1	3.4133E+1	NaN	NaN	NaN	NaN	NaN
8.3898E+4	-2.3919E+1	3.1246E+1	NaN	NaN	NaN	NaN	NaN
9.2000E+4	-2.3443E+1	2.8086E+1	NaN	NaN	NaN	NaN	NaN
