%	Date:	2010-12-14	Time:	20:14:38
%	Sampling frequency		[Hz]:	204800
%	Generator amplitude		[V]:	0.20000
%	Settle time		[s]:	0.025000
%	Settle cycles:			5
%	Integration time		[s]:	0.025000
%	Integration cycles:			5
% Freq.	Amplitude	Phase	THD	HD 2	HD 3	HD 4	HD 5
% [Hz]	[dB]	[deg]	[%]	[dB ref fund]	[dB ref fund]	[dB ref fund]	[dB ref fund]
2.0000E+1	-4.4983E-2	-1.7844E+2	8.3879E-3	-8.6974E+1	-8.3428E+1	-9.4166E+1	-9.9836E+1
2.1445E+1	-4.4439E-2	-1.7855E+2	7.9783E-3	-8.3087E+1	-9.5431E+1	-9.0164E+1	-9.6899E+1
2.2995E+1	-4.2155E-2	-1.7864E+2	6.2446E-2	-6.4125E+1	-8.5909E+1	-9.6743E+1	-9.4146E+1
2.4657E+1	-4.1990E-2	-1.7874E+2	8.8296E-2	-6.1090E+1	-9.0165E+1	-9.5034E+1	-9.4425E+1
2.6439E+1	-4.0850E-2	-1.7882E+2	7.7616E-2	-6.2216E+1	-8.8444E+1	-9.5965E+1	-9.4682E+1
2.8349E+1	-4.0301E-2	-1.7890E+2	3.1792E-2	-7.0039E+1	-8.8474E+1	-9.8812E+1	-9.3718E+1
3.0398E+1	-3.9473E-2	-1.7898E+2	1.1370E-2	-8.2123E+1	-8.6869E+1	-9.2281E+1	-8.3823E+1
3.2595E+1	-3.9070E-2	-1.7905E+2	7.4554E-3	-8.3712E+1	-9.0783E+1	-9.7728E+1	-9.5220E+1
3.4951E+1	-3.8247E-2	-1.7912E+2	5.1732E-3	-8.8012E+1	-9.1654E+1	-1.0842E+2	-9.4001E+1
3.7476E+1	-3.9135E-2	-1.7918E+2	1.7573E-2	-7.6339E+1	-9.4278E+1	-8.1562E+1	-9.5259E+1
4.0185E+1	-3.8336E-2	-1.7922E+2	9.2205E-3	-8.5171E+1	-8.5745E+1	-9.8305E+1	-8.5769E+1
4.3089E+1	-3.4928E-2	-1.7926E+2	4.4053E-3	-9.3798E+1	-9.0241E+1	-9.9825E+1	-9.3246E+1
4.6203E+1	-3.4573E-2	-1.7930E+2	7.0152E-3	-8.5714E+1	-8.7990E+1	-9.3526E+1	-9.6863E+1
4.9542E+1	-4.3845E-2	-1.7939E+2	1.0602E-2	-8.6815E+1	-8.1070E+1	-9.2966E+1	-9.0768E+1
5.3122E+1	-2.9211E-2	-1.7943E+2	8.7270E-3	-8.2624E+1	-8.9833E+1	-9.0338E+1	-9.7293E+1
5.6961E+1	-3.0793E-2	-1.7950E+2	9.2317E-3	-8.2885E+1	-8.8395E+1	-9.7309E+1	-8.7588E+1
6.1077E+1	-3.2388E-2	-1.7950E+2	8.0780E-3	-8.4467E+1	-1.0435E+2	-9.1143E+1	-8.6687E+1
6.5491E+1	-3.6289E-2	-1.7958E+2	7.3968E-3	-8.3711E+1	-8.9949E+1	-9.8389E+1	-1.0229E+2
7.0224E+1	-3.5105E-2	-1.7961E+2	1.4277E-2	-7.7947E+1	-9.5213E+1	-8.8203E+1	-8.5977E+1
7.5299E+1	-3.5493E-2	-1.7963E+2	7.7190E-3	-8.5572E+1	-9.1093E+1	-8.9200E+1	-8.9185E+1
8.0740E+1	-3.4849E-2	-1.7967E+2	1.2257E-2	-7.8504E+1	-9.9775E+1	-9.3234E+1	-9.4802E+1
8.6575E+1	-3.4926E-2	-1.7970E+2	1.4280E-2	-8.2951E+1	-8.3045E+1	-8.1332E+1	-8.5222E+1
9.2832E+1	-3.4476E-2	-1.7973E+2	1.0804E-2	-8.2708E+1	-8.6432E+1	-9.3850E+1	-8.4405E+1
9.9540E+1	-3.4646E-2	-1.7976E+2	1.1124E-2	-8.1161E+1	-8.4490E+1	-9.1563E+1	-9.3305E+1
1.0673E+2	-3.4506E-2	-1.7978E+2	1.0799E-2	-8.4177E+1	-8.4004E+1	-8.7479E+1	-8.6828E+1
1.1445E+2	-3.4144E-2	-1.7981E+2	1.5371E-2	-8.2714E+1	-8.0121E+1	-8.0768E+1	-9.7707E+1
1.2272E+2	-3.3820E-2	-1.7984E+2	1.4547E-2	-8.0524E+1	-7.9600E+1	-9.2742E+1	-9.0967E+1
1.3159E+2	-3.3840E-2	-1.7986E+2	1.2455E-2	-7.8518E+1	-9.2971E+1	-9.0832E+1	-9.9298E+1
1.4110E+2	-3.3786E-2	-1.7989E+2	9.0089E-3	-8.6965E+1	-8.4752E+1	-8.5794E+1	-9.9117E+1
1.5129E+2	-3.3576E-2	-1.7991E+2	1.1508E-2	-8.5278E+1	-8.3631E+1	-9.1574E+1	-8.2801E+1
1.6223E+2	-3.3583E-2	-1.7993E+2	7.7358E-3	-8.2958E+1	-9.2139E+1	-9.5838E+1	-1.0286E+2
1.7395E+2	-3.4203E-2	-1.7996E+2	5.8781E-3	-9.8996E+1	-9.0841E+1	-9.4772E+1	-8.6631E+1
1.8652E+2	-3.3685E-2	-1.7998E+2	1.3781E-2	-8.5588E+1	-7.9738E+1	-8.3684E+1	-8.8779E+1
2.0000E+2	-3.3419E-2	1.8000E+2	7.0027E-3	-8.5144E+1	-9.0049E+1	-9.8495E+1	-9.1460E+1
2.1445E+2	-3.3545E-2	1.7998E+2	1.5247E-2	-7.7652E+1	-8.4068E+1	-8.7146E+1	-9.6427E+1
2.2995E+2	-3.3623E-2	1.7995E+2	1.3521E-2	-7.8991E+1	-9.0640E+1	-8.4435E+1	-8.9201E+1
2.4657E+2	-3.4194E-2	1.7993E+2	9.1195E-3	-9.1374E+1	-8.3732E+1	-1.0078E+2	-8.4855E+1
2.6439E+2	-3.3217E-2	1.7991E+2	9.9886E-3	-8.4735E+1	-9.4008E+1	-8.2993E+1	-8.9213E+1
2.8349E+2	-3.3277E-2	1.7988E+2	1.4354E-2	-7.8580E+1	-8.6785E+1	-8.9468E+1	-8.4548E+1
3.0398E+2	-3.3030E-2	1.7986E+2	1.1892E-2	-8.0181E+1	-8.3685E+1	-9.6147E+1	-1.0588E+2
3.2595E+2	-3.3315E-2	1.7983E+2	1.1140E-2	-8.0548E+1	-8.6421E+1	-9.1664E+1	-9.1971E+1
3.4951E+2	-3.3196E-2	1.7981E+2	1.1000E-2	-8.3892E+1	-8.6432E+1	-9.1227E+1	-8.3018E+1
3.7476E+2	-3.2972E-2	1.7978E+2	1.3208E-2	-7.8479E+1	-9.7319E+1	-9.6870E+1	-8.5437E+1
4.0185E+2	-3.3205E-2	1.7975E+2	7.1803E-3	-8.7454E+1	-8.8752E+1	-8.7640E+1	-9.5176E+1
4.3089E+2	-3.4146E-2	1.7972E+2	7.6220E-3	-8.5204E+1	-8.8062E+1	-1.0629E+2	-8.9184E+1
4.6203E+2	-3.3795E-2	1.7969E+2	7.4344E-3	-8.7888E+1	-9.5782E+1	-8.6801E+1	-8.8104E+1
4.9542E+2	-3.3772E-2	1.7966E+2	9.0362E-3	-8.3874E+1	-8.6959E+1	-9.3327E+1	-8.7990E+1
5.3122E+2	-3.3243E-2	1.7963E+2	1.4187E-2	-7.9537E+1	-8.2877E+1	-8.6176E+1	-8.8440E+1
5.6961E+2	-3.3868E-2	1.7959E+2	1.1425E-2	-7.9178E+1	-9.7030E+1	-9.1839E+1	-9.9332E+1
6.1077E+2	-3.3120E-2	1.7956E+2	1.3688E-2	-8.0800E+1	-8.0870E+1	-9.2196E+1	-8.7882E+1
6.5491E+2	-3.3127E-2	1.7952E+2	1.0031E-2	-8.0322E+1	-9.3460E+1	-9.7092E+1	-9.8851E+1
7.0224E+2	-3.3730E-2	1.7947E+2	9.7298E-3	-8.2958E+1	-8.6605E+1	-8.7501E+1	-9.3527E+1
7.5299E+2	-3.3373E-2	1.7942E+2	1.2307E-2	-8.0104E+1	-9.1436E+1	-8.7791E+1	-8.5228E+1
8.0740E+2	-3.3387E-2	1.7938E+2	1.3129E-2	-7.9924E+1	-9.2407E+1	-8.2430E+1	-9.1133E+1
8.6575E+2	-3.3748E-2	1.7933E+2	1.2570E-2	-8.0355E+1	-8.9284E+1	-8.5317E+1	-8.6078E+1
9.2832E+2	-3.3626E-2	1.7928E+2	1.2637E-2	-7.8769E+1	-8.7223E+1	-1.0054E+2	-9.1492E+1
9.9540E+2	-3.3524E-2	1.7922E+2	1.1542E-2	-8.0279E+1	-8.7971E+1	-8.6346E+1	-1.0530E+2
1.0673E+3	-3.3245E-2	1.7916E+2	9.2744E-3	-8.2797E+1	-8.6860E+1	-9.3341E+1	-9.0832E+1
1.1445E+3	-3.3928E-2	1.7909E+2	1.2559E-2	-7.9926E+1	-8.5855E+1	-9.1259E+1	-8.6467E+1
1.2272E+3	-3.3941E-2	1.7903E+2	1.0440E-2	-8.2235E+1	-8.8072E+1	-8.4742E+1	-1.1206E+2
1.3159E+3	-3.3942E-2	1.7895E+2	1.2364E-2	-7.8662E+1	-1.0491E+2	-8.8249E+1	-9.8240E+1
1.4110E+3	-3.4166E-2	1.7887E+2	1.2892E-2	-7.8712E+1	-9.6669E+1	-8.9770E+1	-8.7217E+1
1.5129E+3	-3.4135E-2	1.7879E+2	8.2998E-3	-8.4840E+1	-9.2570E+1	-8.9121E+1	-8.7376E+1
1.6223E+3	-3.4165E-2	1.7870E+2	1.0460E-2	-8.2074E+1	-9.0719E+1	-9.4937E+1	-8.4474E+1
1.7395E+3	-3.4630E-2	1.7860E+2	8.8839E-3	-8.1680E+1	-9.9701E+1	-9.4788E+1	-9.1792E+1
1.8652E+3	-3.4532E-2	1.7850E+2	1.1543E-2	-7.9181E+1	-9.0361E+1	-9.9536E+1	-9.6605E+1
2.0000E+3	-3.4878E-2	1.7838E+2	1.0285E-2	-8.1136E+1	-9.3264E+1	-8.7335E+1	-9.2509E+1
2.1445E+3	-3.5383E-2	1.7826E+2	1.5285E-2	-7.7092E+1	-1.1070E+2	-8.4207E+1	-1.0587E+2
2.2995E+3	-3.4725E-2	1.7814E+2	1.0660E-2	-7.9820E+1	-1.1400E+2	-9.0961E+1	-9.8756E+1
2.4657E+3	-3.5480E-2	1.7800E+2	1.4227E-2	-7.7157E+1	-9.5382E+1	-9.6790E+1	-9.3032E+1
2.6439E+3	-3.5617E-2	1.7786E+2	1.5887E-2	-7.7129E+1	-8.7618E+1	-8.5214E+1	-8.9478E+1
2.8349E+3	-3.6407E-2	1.7770E+2	1.6000E-2	-7.6253E+1	-9.3039E+1	-9.0731E+1	-9.2480E+1
3.0398E+3	-3.6966E-2	1.7753E+2	1.7155E-2	-7.5670E+1	-1.0726E+2	-8.9631E+1	-8.9140E+1
3.2595E+3	-3.7321E-2	1.7735E+2	1.4196E-2	-7.7630E+1	-9.3815E+1	-8.9118E+1	-8.9016E+1
3.4951E+3	-3.8072E-2	1.7716E+2	1.6610E-2	-7.6199E+1	-9.1005E+1	-8.7763E+1	-8.9488E+1
3.7476E+3	-3.8097E-2	1.7695E+2	1.8563E-2	-7.5006E+1	-9.3486E+1	-9.1902E+1	-8.7484E+1
4.0185E+3	-3.9014E-2	1.7673E+2	1.8618E-2	-7.4969E+1	-8.5841E+1	-9.9223E+1	-1.0039E+2
4.3089E+3	-3.9553E-2	1.7649E+2	2.2404E-2	-7.3400E+1	-8.4959E+1	-8.9259E+1	-9.9617E+1
4.6203E+3	-4.0384E-2	1.7624E+2	2.1485E-2	-7.3925E+1	-8.7154E+1	-8.4823E+1	-9.3595E+1
4.9542E+3	-4.1360E-2	1.7597E+2	2.3890E-2	-7.2857E+1	-9.7119E+1	-8.4690E+1	-8.7728E+1
5.3122E+3	-4.2076E-2	1.7568E+2	2.7978E-2	-7.1376E+1	-8.7477E+1	-8.5652E+1	-9.0354E+1
5.6961E+3	-4.2986E-2	1.7536E+2	2.5841E-2	-7.1906E+1	-9.3666E+1	-8.8938E+1	-9.2201E+1
6.1077E+3	-4.4579E-2	1.7503E+2	2.8886E-2	-7.0989E+1	-9.0604E+1	-8.9279E+1	-8.7581E+1
6.5491E+3	-4.5670E-2	1.7467E+2	3.1847E-2	-7.0061E+1	-8.8151E+1	-9.0723E+1	-9.3626E+1
7.0224E+3	-4.7893E-2	1.7428E+2	3.2422E-2	-6.9920E+1	-9.1641E+1	-9.4384E+1	-8.6559E+1
7.5299E+3	-4.9319E-2	1.7387E+2	3.5226E-2	-6.9127E+1	-9.6856E+1	-8.9034E+1	-9.4240E+1
8.0740E+3	-5.1562E-2	1.7343E+2	4.3025E-2	-6.7500E+1	-9.0535E+1	-8.2698E+1	-8.9855E+1
8.6575E+3	-5.3825E-2	1.7296E+2	4.0815E-2	-6.7837E+1	-1.0216E+2	-8.8066E+1	-9.3980E+1
9.2832E+3	-5.6487E-2	1.7245E+2	4.3396E-2	-6.7302E+1	-8.9897E+1	-9.0681E+1	-9.5031E+1
9.9540E+3	-5.9917E-2	1.7191E+2	4.7496E-2	-6.6543E+1	-8.9355E+1	-8.6369E+1	-9.3501E+1
1.0673E+4	-6.2989E-2	1.7132E+2	5.0242E-2	-6.6070E+1	-9.4027E+1	-9.4908E+1	-8.3444E+1
1.1445E+4	-6.7527E-2	1.7070E+2	5.3240E-2	-6.5543E+1	-8.6374E+1	-8.7794E+1	-9.4064E+1
1.2272E+4	-7.1825E-2	1.7003E+2	5.8596E-2	-6.4687E+1	-8.8610E+1	-9.6106E+1	-8.7382E+1
1.3159E+4	-7.7420E-2	1.6931E+2	6.4323E-2	-6.4001E+1	-7.8838E+1	-8.9669E+1	-8.8052E+1
1.4110E+4	-8.3545E-2	1.6854E+2	6.9461E-2	-6.3188E+1	-8.7389E+1	-9.1390E+1	-1.1422E+2
1.5129E+4	-9.0479E-2	1.6771E+2	7.4448E-2	-6.2586E+1	-9.0438E+1	-9.0871E+1	-8.9359E+1
1.6223E+4	-9.8561E-2	1.6683E+2	8.6640E-2	-6.1273E+1	-9.0345E+1	-9.0585E+1	-8.5301E+1
1.7395E+4	-1.0710E-1	1.6588E+2	9.2989E-2	-6.0658E+1	-8.6304E+1	-8.6508E+1	-9.1303E+1
1.8652E+4	-1.1762E-1	1.6486E+2	9.9312E-2	-6.0100E+1	-9.5916E+1	-8.3981E+1	-8.3195E+1
2.0000E+4	-1.2993E-1	1.6377E+2	1.1040E-1	-5.9144E+1	-1.0298E+2	-9.8472E+1	-9.1419E+1
