%	Date:	2010-12-14	Time:	20:29:22
%	Sampling frequency		[Hz]:	204800
%	Generator amplitude		[V]:	0.20000
%	Settle time		[s]:	0.025000
%	Settle cycles:			5
%	Integration time		[s]:	0.025000
%	Integration cycles:			5
% Freq.	Amplitude	Phase	THD	HD 2	HD 3	HD 4	HD 5
% [Hz]	[dB]	[deg]	[%]	[dB ref fund]	[dB ref fund]	[dB ref fund]	[dB ref fund]
2.0000E+1	-5.8155E+0	-1.7843E+2	5.7791E-3	-8.8379E+1	-9.9401E+1	-1.0096E+2	-8.7715E+1
2.1445E+1	-5.8143E+0	-1.7853E+2	9.4306E-3	-8.0706E+1	-9.7927E+1	-1.0551E+2	-9.6875E+1
2.2995E+1	-5.8135E+0	-1.7863E+2	5.0955E-2	-6.5860E+1	-1.1065E+2	-1.0282E+2	-9.7255E+1
2.4657E+1	-5.8124E+0	-1.7872E+2	8.1776E-2	-6.1752E+1	-9.7494E+1	-9.5954E+1	-9.5410E+1
2.6439E+1	-5.8114E+0	-1.7881E+2	6.8908E-2	-6.3238E+1	-9.9739E+1	-9.8658E+1	-9.8581E+1
2.8349E+1	-5.8106E+0	-1.7889E+2	2.9779E-2	-7.0539E+1	-9.9409E+1	-1.0374E+2	-9.7057E+1
3.0398E+1	-5.8100E+0	-1.7897E+2	7.4624E-3	-9.3856E+1	-9.3113E+1	-9.7241E+1	-8.3487E+1
3.2595E+1	-5.8093E+0	-1.7904E+2	4.7291E-3	-9.0402E+1	-9.0840E+1	-1.0153E+2	-9.3662E+1
3.4951E+1	-5.8085E+0	-1.7911E+2	3.3855E-3	-9.3634E+1	-9.5974E+1	-9.5200E+1	-9.8004E+1
3.7476E+1	-5.8080E+0	-1.7917E+2	7.3946E-3	-9.5700E+1	-9.5558E+1	-8.3181E+1	-9.9461E+1
4.0185E+1	-5.8055E+0	-1.7923E+2	3.9936E-3	-1.0083E+2	-9.5346E+1	-9.8526E+1	-8.9666E+1
4.3089E+1	-5.8033E+0	-1.7930E+2	1.9138E-3	-1.0742E+2	-1.0128E+2	-1.0023E+2	-9.7476E+1
4.6203E+1	-5.8007E+0	-1.7934E+2	2.9375E-3	-9.1076E+1	-1.0775E+2	-1.0807E+2	-1.0302E+2
4.9542E+1	-5.8073E+0	-1.7934E+2	8.4430E-3	-9.1320E+1	-8.3934E+1	-1.0056E+2	-8.6458E+1
5.3122E+1	-5.8031E+0	-1.7947E+2	6.0777E-3	-9.3802E+1	-8.5531E+1	-9.3869E+1	-1.0164E+2
5.6961E+1	-5.8076E+0	-1.7951E+2	3.5774E-3	-9.1581E+1	-9.5490E+1	-9.9669E+1	-9.7111E+1
6.1077E+1	-5.8022E+0	-1.7953E+2	5.2197E-3	-9.1052E+1	-1.0146E+2	-8.7610E+1	-9.8726E+1
6.5491E+1	-5.8083E+0	-1.7956E+2	2.8687E-3	-9.7019E+1	-9.7491E+1	-9.3676E+1	-1.0765E+2
7.0224E+1	-5.8063E+0	-1.7960E+2	1.1301E-2	-8.3528E+1	-9.7224E+1	-1.0409E+2	-8.0913E+1
7.5299E+1	-5.8049E+0	-1.7963E+2	7.6270E-3	-8.3157E+1	-1.0070E+2	-9.7432E+1	-9.1442E+1
8.0740E+1	-5.8051E+0	-1.7966E+2	8.8215E-3	-8.2629E+1	-8.8164E+1	-9.3923E+1	-9.4074E+1
8.6575E+1	-5.8048E+0	-1.7970E+2	1.2444E-2	-9.2809E+1	-8.7420E+1	-8.0644E+1	-8.3440E+1
9.2832E+1	-5.8048E+0	-1.7973E+2	9.0452E-3	-9.4504E+1	-9.3614E+1	-8.5524E+1	-8.3383E+1
9.9540E+1	-5.8050E+0	-1.7976E+2	5.1248E-3	-8.7083E+1	-9.3983E+1	-1.1565E+2	-9.5746E+1
1.0673E+2	-5.8042E+0	-1.7979E+2	7.0204E-3	-9.2483E+1	-9.2722E+1	-8.6424E+1	-8.8093E+1
1.1445E+2	-5.8042E+0	-1.7981E+2	1.5168E-2	-8.5078E+1	-8.1990E+1	-8.0143E+1	-8.4086E+1
1.2272E+2	-5.8040E+0	-1.7984E+2	7.6143E-3	-8.5969E+1	-8.5810E+1	-9.4440E+1	-9.5473E+1
1.3159E+2	-5.8047E+0	-1.7986E+2	8.7509E-3	-8.4270E+1	-9.8404E+1	-9.3472E+1	-8.4784E+1
1.4110E+2	-5.8044E+0	-1.7989E+2	6.6814E-3	-9.3156E+1	-9.0410E+1	-8.5399E+1	-9.7304E+1
1.5129E+2	-5.8045E+0	-1.7992E+2	1.2085E-2	-1.0266E+2	-7.9415E+1	-9.4609E+1	-8.5587E+1
1.6223E+2	-5.8044E+0	-1.7994E+2	7.8877E-3	-8.5394E+1	-9.1034E+1	-8.8245E+1	-8.9799E+1
1.7395E+2	-5.8045E+0	-1.7996E+2	9.6308E-3	-8.2396E+1	-8.5697E+1	-9.5190E+1	-9.2850E+1
1.8652E+2	-5.8037E+0	-1.7999E+2	9.1130E-3	-8.7670E+1	-8.8265E+1	-8.6264E+1	-8.5623E+1
2.0000E+2	-5.8038E+0	1.7999E+2	4.7677E-3	-8.9688E+1	-9.4245E+1	-9.5180E+1	-9.2850E+1
2.1445E+2	-5.8040E+0	1.7997E+2	1.1664E-2	-7.9269E+1	-9.3524E+1	-9.1779E+1	-9.1779E+1
2.2995E+2	-5.8045E+0	1.7994E+2	1.0731E-2	-8.0303E+1	-9.1357E+1	-9.0335E+1	-9.2725E+1
2.4657E+2	-5.8032E+0	1.7992E+2	8.0766E-3	-1.0867E+2	-8.4793E+1	-8.5801E+1	-9.2492E+1
2.6439E+2	-5.8034E+0	1.7989E+2	7.7620E-3	-8.7801E+1	-9.5008E+1	-8.5461E+1	-8.9185E+1
2.8349E+2	-5.8037E+0	1.7987E+2	7.3787E-3	-8.5589E+1	-9.3495E+1	-8.7234E+1	-9.4616E+1
3.0398E+2	-5.8034E+0	1.7985E+2	8.5448E-3	-9.0690E+1	-8.4584E+1	-8.8011E+1	-8.8578E+1
3.2595E+2	-5.8038E+0	1.7982E+2	7.0154E-3	-1.0832E+2	-8.6376E+1	-9.2436E+1	-8.6919E+1
3.4951E+2	-5.8029E+0	1.7979E+2	6.0465E-3	-9.4126E+1	-8.5977E+1	-1.0179E+2	-9.1688E+1
3.7476E+2	-5.8031E+0	1.7976E+2	6.3833E-3	-8.6548E+1	-9.2449E+1	-9.5048E+1	-9.0094E+1
4.0185E+2	-5.8035E+0	1.7974E+2	5.5451E-3	-8.7573E+1	-1.0071E+2	-9.2206E+1	-9.1942E+1
4.3089E+2	-5.8045E+0	1.7970E+2	6.7128E-3	-8.9007E+1	-9.0564E+1	-9.0829E+1	-8.8111E+1
4.6203E+2	-5.8035E+0	1.7967E+2	6.9081E-3	-8.4198E+1	-1.0369E+2	-9.0370E+1	-1.1104E+2
4.9542E+2	-5.8040E+0	1.7964E+2	7.7041E-3	-8.5199E+1	-9.4551E+1	-9.1217E+1	-8.7427E+1
5.3122E+2	-5.8040E+0	1.7961E+2	6.6228E-3	-8.5879E+1	-9.9335E+1	-9.2730E+1	-8.9380E+1
5.6961E+2	-5.8036E+0	1.7957E+2	5.8032E-3	-9.4866E+1	-1.0504E+2	-9.2024E+1	-8.6229E+1
6.1077E+2	-5.8041E+0	1.7953E+2	6.9017E-3	-1.0088E+2	-8.5438E+1	-9.2847E+1	-8.8848E+1
6.5491E+2	-5.8041E+0	1.7948E+2	7.5958E-3	-9.3128E+1	-8.7151E+1	-8.8269E+1	-8.7291E+1
7.0224E+2	-5.8038E+0	1.7944E+2	7.0062E-3	-8.9391E+1	-9.0523E+1	-8.6769E+1	-9.1150E+1
7.5299E+2	-5.8044E+0	1.7939E+2	3.6378E-3	-1.0452E+2	-9.7493E+1	-9.4927E+1	-9.1033E+1
8.0740E+2	-5.8037E+0	1.7935E+2	3.9149E-3	-9.1819E+1	-9.7971E+1	-9.2185E+1	-9.9565E+1
8.6575E+2	-5.8035E+0	1.7929E+2	5.5531E-3	-8.8651E+1	-9.1446E+1	-9.0547E+1	-9.9181E+1
9.2832E+2	-5.8038E+0	1.7924E+2	6.6420E-3	-8.7910E+1	-1.0007E+2	-8.9186E+1	-8.8271E+1
9.9540E+2	-5.8045E+0	1.7918E+2	5.9288E-3	-9.3458E+1	-8.7740E+1	-8.9444E+1	-9.6114E+1
1.0673E+3	-5.8038E+0	1.7911E+2	7.6753E-3	-8.2996E+1	-9.6795E+1	-9.2141E+1	-1.0265E+2
1.1445E+3	-5.8044E+0	1.7904E+2	4.6127E-3	-9.1854E+1	-9.1625E+1	-9.1885E+1	-9.8558E+1
1.2272E+3	-5.8036E+0	1.7897E+2	5.9174E-3	-8.7318E+1	-8.8875E+1	-9.5479E+1	-1.0167E+2
1.3159E+3	-5.8044E+0	1.7890E+2	5.3808E-3	-1.0275E+2	-8.6566E+1	-9.9623E+1	-9.2771E+1
1.4110E+3	-5.8042E+0	1.7881E+2	1.0233E-2	-8.1467E+1	-9.4294E+1	-8.6128E+1	-9.2787E+1
1.5129E+3	-5.8041E+0	1.7873E+2	6.1728E-3	-8.6955E+1	-9.6162E+1	-8.8508E+1	-9.8463E+1
1.6223E+3	-5.8046E+0	1.7863E+2	8.8011E-3	-8.2159E+1	-1.0055E+2	-9.0326E+1	-9.1884E+1
1.7395E+3	-5.8044E+0	1.7853E+2	9.0243E-3	-8.1700E+1	-9.5832E+1	-9.4615E+1	-9.1100E+1
1.8652E+3	-5.8048E+0	1.7842E+2	8.2078E-3	-8.3833E+1	-9.5834E+1	-9.6283E+1	-8.6772E+1
2.0000E+3	-5.8050E+0	1.7830E+2	6.4420E-3	-8.6753E+1	-9.0684E+1	-8.9900E+1	-9.7945E+1
2.1445E+3	-5.8046E+0	1.7818E+2	1.0275E-2	-8.1441E+1	-9.4723E+1	-8.5372E+1	-9.8467E+1
2.2995E+3	-5.8057E+0	1.7805E+2	8.1735E-3	-8.2753E+1	-9.5111E+1	-9.6687E+1	-9.0693E+1
2.4657E+3	-5.8054E+0	1.7790E+2	9.3336E-3	-8.1288E+1	-9.3672E+1	-9.4140E+1	-9.3344E+1
2.6439E+3	-5.8058E+0	1.7775E+2	1.3158E-2	-7.8619E+1	-8.6430E+1	-9.4233E+1	-9.0374E+1
2.8349E+3	-5.8063E+0	1.7759E+2	8.8499E-3	-8.1914E+1	-1.0378E+2	-8.9976E+1	-9.4582E+1
3.0398E+3	-5.8060E+0	1.7741E+2	1.1892E-2	-8.0104E+1	-8.4541E+1	-9.2598E+1	-9.5036E+1
3.2595E+3	-5.8068E+0	1.7722E+2	1.2646E-2	-7.9223E+1	-9.4512E+1	-9.2840E+1	-8.5004E+1
3.4951E+3	-5.8068E+0	1.7702E+2	1.6751E-2	-7.6461E+1	-1.0143E+2	-8.5831E+1	-8.5551E+1
3.7476E+3	-5.8075E+0	1.7680E+2	1.4255E-2	-7.7678E+1	-9.0633E+1	-8.9215E+1	-8.9242E+1
4.0185E+3	-5.8077E+0	1.7657E+2	1.5042E-2	-7.7058E+1	-8.8886E+1	-9.4504E+1	-8.8890E+1
4.3089E+3	-5.8085E+0	1.7633E+2	1.4598E-2	-7.7514E+1	-8.9764E+1	-9.1461E+1	-8.7408E+1
4.6203E+3	-5.8089E+0	1.7606E+2	1.8679E-2	-7.4775E+1	-9.3795E+1	-8.9911E+1	-9.8377E+1
4.9542E+3	-5.8094E+0	1.7578E+2	2.0851E-2	-7.3920E+1	-8.8661E+1	-9.5675E+1	-8.8889E+1
5.3122E+3	-5.8104E+0	1.7547E+2	2.2021E-2	-7.3312E+1	-8.8168E+1	-1.0051E+2	-9.6289E+1
5.6961E+3	-5.8113E+0	1.7515E+2	2.5453E-2	-7.2410E+1	-8.3208E+1	-9.2975E+1	-8.6799E+1
6.1077E+3	-5.8119E+0	1.7480E+2	2.4954E-2	-7.2585E+1	-8.2028E+1	-1.0029E+2	-9.1169E+1
6.5491E+3	-5.8125E+0	1.7442E+2	3.4109E-2	-6.9575E+1	-8.4656E+1	-9.2833E+1	-8.6733E+1
7.0224E+3	-5.8138E+0	1.7402E+2	3.2781E-2	-6.9816E+1	-8.7613E+1	-1.0265E+2	-8.8739E+1
7.5299E+3	-5.8150E+0	1.7359E+2	3.3786E-2	-6.9809E+1	-8.5824E+1	-8.5539E+1	-8.3712E+1
8.0740E+3	-5.8162E+0	1.7312E+2	3.7906E-2	-6.8526E+1	-8.9238E+1	-8.8086E+1	-9.2865E+1
8.6575E+3	-5.8179E+0	1.7263E+2	3.6637E-2	-6.8764E+1	-9.8218E+1	-8.9699E+1	-1.0016E+2
9.2832E+3	-5.8197E+0	1.7210E+2	4.2108E-2	-6.7615E+1	-9.4538E+1	-8.8037E+1	-8.6583E+1
9.9540E+3	-5.8214E+0	1.7153E+2	4.8024E-2	-6.6478E+1	-8.9186E+1	-9.2936E+1	-8.4057E+1
1.0673E+4	-5.8235E+0	1.7092E+2	5.1183E-2	-6.5836E+1	-9.2559E+1	-1.0284E+2	-9.2833E+1
1.1445E+4	-5.8260E+0	1.7026E+2	5.3254E-2	-6.5503E+1	-8.9979E+1	-9.0276E+1	-1.0728E+2
1.2272E+4	-5.8292E+0	1.6956E+2	5.6145E-2	-6.5120E+1	-8.4380E+1	-8.5173E+1	-9.0486E+1
1.3159E+4	-5.8324E+0	1.6880E+2	6.2877E-2	-6.4739E+1	-7.2459E+1	-8.9843E+1	-8.7575E+1
1.4110E+4	-5.8360E+0	1.6800E+2	6.7955E-2	-6.3519E+1	-8.0219E+1	-8.3656E+1	-8.4913E+1
1.5129E+4	-5.8400E+0	1.6713E+2	6.9228E-2	-6.3337E+1	-8.4840E+1	-8.5536E+1	-8.0270E+1
1.6223E+4	-5.8450E+0	1.6620E+2	7.4871E-2	-6.2523E+1	-9.2886E+1	-9.6881E+1	-9.3860E+1
1.7395E+4	-5.8507E+0	1.6520E+2	8.4859E-2	-6.1444E+1	-9.3086E+1	-8.6532E+1	-9.5335E+1
1.8652E+4	-5.8569E+0	1.6413E+2	9.2505E-2	-6.0772E+1	-7.9273E+1	-8.7549E+1	-8.3095E+1
2.0000E+4	-5.8642E+0	1.6298E+2	1.0466E-1	-5.9646E+1	-9.2090E+1	-8.6647E+1	-8.1254E+1
