%	Date:	2010-12-16	Time:	15:04:19
%	Sampling frequency		[Hz]:	204800
%	Generator amplitude		[V]:	0.20000
%	Settle time		[s]:	0.025000
%	Settle cycles:			5
%	Integration time		[s]:	0.025000
%	Integration cycles:			5
% Freq.	Amplitude	Phase	THD	HD 2	HD 3	HD 4	HD 5
% [Hz]	[dB]	[deg]	[%]	[dB ref fund]	[dB ref fund]	[dB ref fund]	[dB ref fund]
1.0000E+1	1.3883E+1	4.5806E+1	2.0581E-2	-7.4299E+1	-8.3313E+1	-1.1393E+2	-9.2765E+1
1.0966E+1	1.4385E+1	4.4232E+1	2.2405E-2	-7.3782E+1	-8.0819E+1	-1.1094E+2	-1.0336E+2
1.2025E+1	1.4860E+1	4.2529E+1	2.4332E-2	-7.3281E+1	-7.9311E+1	-9.5846E+1	-9.6121E+1
1.3186E+1	1.5304E+1	4.0718E+1	2.6712E-2	-7.2816E+1	-7.7289E+1	-1.0294E+2	-9.4623E+1
1.4459E+1	1.5717E+1	3.8823E+1	2.9552E-2	-7.2144E+1	-7.5903E+1	-1.1002E+2	-9.2229E+1
1.5856E+1	1.6098E+1	3.6868E+1	3.1400E-2	-7.1836E+1	-7.4923E+1	-1.1816E+2	-9.0545E+1
1.7387E+1	1.6446E+1	3.4876E+1	3.5149E-2	-7.1372E+1	-7.3066E+1	-1.0780E+2	-8.9016E+1
1.9066E+1	1.6761E+1	3.2871E+1	3.8037E-2	-7.0848E+1	-7.2177E+1	-1.0346E+2	-8.7469E+1
2.0908E+1	1.7045E+1	3.0875E+1	4.1885E-2	-7.0292E+1	-7.1004E+1	-1.0197E+2	-8.6008E+1
2.2927E+1	1.7298E+1	2.8907E+1	4.5709E-2	-6.9597E+1	-7.0164E+1	-9.9149E+1	-8.5540E+1
2.5141E+1	1.7522E+1	2.6986E+1	4.7495E-2	-6.9670E+1	-6.9399E+1	-9.9849E+1	-8.5597E+1
2.7569E+1	1.7720E+1	2.5126E+1	5.0842E-2	-6.9074E+1	-6.8826E+1	-9.4684E+1	-8.4762E+1
3.0231E+1	1.7893E+1	2.3339E+1	5.3081E-2	-6.8820E+1	-6.8350E+1	-9.5437E+1	-8.3931E+1
3.3151E+1	1.8044E+1	2.1634E+1	5.4708E-2	-6.8664E+1	-6.7965E+1	-9.5465E+1	-8.4961E+1
3.6353E+1	1.8174E+1	2.0018E+1	5.6532E-2	-6.8368E+1	-6.7694E+1	-9.1423E+1	-8.4965E+1
3.9863E+1	1.8287E+1	1.8493E+1	5.7673E-2	-6.8267E+1	-6.7440E+1	-9.4692E+1	-8.5353E+1
4.3713E+1	1.8384E+1	1.7064E+1	5.8874E-2	-6.8107E+1	-6.7238E+1	-9.4369E+1	-8.5653E+1
4.7935E+1	1.8468E+1	1.5727E+1	5.9549E-2	-6.8123E+1	-6.7043E+1	-9.4385E+1	-8.5826E+1
5.2564E+1	1.8539E+1	1.4483E+1	6.0432E-2	-6.7889E+1	-6.6998E+1	-9.5629E+1	-8.5675E+1
5.7640E+1	1.8600E+1	1.3329E+1	6.0730E-2	-6.7942E+1	-6.6872E+1	-9.8450E+1	-8.5898E+1
6.3207E+1	1.8652E+1	1.2262E+1	6.1471E-2	-6.7864E+1	-6.6747E+1	-9.3826E+1	-8.6158E+1
6.9311E+1	1.8697E+1	1.1277E+1	6.2382E-2	-6.7700E+1	-6.6639E+1	-9.8087E+1	-8.6236E+1
7.6005E+1	1.8736E+1	1.0370E+1	6.2354E-2	-6.7787E+1	-6.6568E+1	-9.7185E+1	-8.7515E+1
8.3345E+1	1.8769E+1	9.5371E+0	6.2143E-2	-6.7737E+1	-6.6665E+1	-9.8222E+1	-8.6719E+1
9.1394E+1	1.8797E+1	8.7725E+0	6.2384E-2	-6.7771E+1	-6.6578E+1	-9.4921E+1	-8.7248E+1
1.0022E+2	1.8822E+1	8.0725E+0	6.2584E-2	-6.7683E+1	-6.6592E+1	-9.9573E+1	-8.7121E+1
1.0990E+2	1.8844E+1	7.4314E+0	6.2023E-2	-6.7863E+1	-6.6603E+1	-9.7639E+1	-8.6387E+1
1.2051E+2	1.8863E+1	6.8447E+0	6.2415E-2	-6.7860E+1	-6.6500E+1	-1.0045E+2	-8.7129E+1
1.3215E+2	1.8880E+1	6.3093E+0	6.2274E-2	-6.7749E+1	-6.6608E+1	-1.0019E+2	-8.8509E+1
1.4491E+2	1.8896E+1	5.8203E+0	6.1979E-2	-6.7882E+1	-6.6582E+1	-1.0401E+2	-8.8046E+1
1.5891E+2	1.8910E+1	5.3720E+0	6.1974E-2	-6.7748E+1	-6.6687E+1	-9.9723E+1	-8.8026E+1
1.7426E+2	1.8923E+1	4.9633E+0	6.2730E-2	-6.7762E+1	-6.6499E+1	-9.6992E+1	-8.7164E+1
1.9108E+2	1.8935E+1	4.5879E+0	6.3148E-2	-6.7679E+1	-6.6448E+1	-1.0338E+2	-8.8189E+1
2.0954E+2	1.8947E+1	4.2447E+0	6.3066E-2	-6.7544E+1	-6.6571E+1	-1.0884E+2	-8.8369E+1
2.2977E+2	1.8958E+1	3.9290E+0	6.4789E-2	-6.7318E+1	-6.6330E+1	-1.0369E+2	-8.8349E+1
2.5196E+2	1.8969E+1	3.6378E+0	6.3524E-2	-6.7491E+1	-6.6506E+1	-1.0523E+2	-8.7635E+1
2.7630E+2	1.8979E+1	3.3699E+0	6.4479E-2	-6.7302E+1	-6.6432E+1	-1.0503E+2	-8.6604E+1
3.0298E+2	1.8988E+1	3.1212E+0	6.4537E-2	-6.7197E+1	-6.6496E+1	-1.0401E+2	-8.7720E+1
3.3224E+2	1.8997E+1	2.8908E+0	6.5411E-2	-6.7255E+1	-6.6238E+1	-1.0043E+2	-8.7463E+1
3.6433E+2	1.9006E+1	2.6770E+0	6.5285E-2	-6.7103E+1	-6.6392E+1	-1.0233E+2	-8.7461E+1
3.9951E+2	1.9014E+1	2.4785E+0	6.6131E-2	-6.6949E+1	-6.6309E+1	-9.8492E+1	-8.8736E+1
4.3810E+2	1.9022E+1	2.2922E+0	6.6446E-2	-6.6963E+1	-6.6223E+1	-1.0451E+2	-8.7820E+1
4.8040E+2	1.9029E+1	2.1195E+0	6.6340E-2	-6.6910E+1	-6.6293E+1	-1.0089E+2	-8.8277E+1
5.2680E+2	1.9035E+1	1.9583E+0	6.6536E-2	-6.6837E+1	-6.6313E+1	-9.9531E+1	-8.7611E+1
5.7767E+2	1.9041E+1	1.8084E+0	6.6467E-2	-6.6918E+1	-6.6254E+1	-1.0976E+2	-8.8236E+1
6.3346E+2	1.9046E+1	1.6690E+0	6.7142E-2	-6.6685E+1	-6.6295E+1	-1.1189E+2	-8.7987E+1
6.9464E+2	1.9050E+1	1.5400E+0	6.6731E-2	-6.6786E+1	-6.6300E+1	-1.1043E+2	-8.9008E+1
7.6173E+2	1.9054E+1	1.4200E+0	6.6740E-2	-6.6793E+1	-6.6289E+1	-1.1705E+2	-8.9545E+1
8.3529E+2	1.9058E+1	1.3096E+0	6.6164E-2	-6.6872E+1	-6.6368E+1	-1.0766E+2	-8.8338E+1
9.1596E+2	1.9061E+1	1.2076E+0	6.7639E-2	-6.6717E+1	-6.6150E+1	-1.0043E+2	-8.7507E+1
1.0044E+3	1.9064E+1	1.1137E+0	6.7209E-2	-6.6771E+1	-6.6204E+1	-1.0764E+2	-8.7648E+1
1.1014E+3	1.9066E+1	1.0278E+0	6.6919E-2	-6.6784E+1	-6.6263E+1	-1.0615E+2	-8.7737E+1
1.2078E+3	1.9069E+1	9.4824E-1	6.7060E-2	-6.6702E+1	-6.6299E+1	-1.0638E+2	-8.8162E+1
1.3244E+3	1.9070E+1	8.7616E-1	6.6417E-2	-6.6839E+1	-6.6343E+1	-1.0228E+2	-8.7315E+1
1.4523E+3	1.9072E+1	8.1035E-1	6.6621E-2	-6.6803E+1	-6.6321E+1	-1.0223E+2	-8.7714E+1
1.5926E+3	1.9073E+1	7.5091E-1	6.6375E-2	-6.6817E+1	-6.6360E+1	-1.1495E+2	-8.9110E+1
1.7464E+3	1.9075E+1	6.9664E-1	6.6757E-2	-6.6815E+1	-6.6275E+1	-1.0613E+2	-8.7844E+1
1.9151E+3	1.9076E+1	6.4813E-1	6.6445E-2	-6.6927E+1	-6.6255E+1	-1.0201E+2	-8.7891E+1
2.1000E+3	1.9077E+1	6.0453E-1	6.6067E-2	-6.6944E+1	-6.6335E+1	-1.1459E+2	-8.7493E+1
2.3028E+3	1.9077E+1	5.6607E-1	6.6261E-2	-6.6948E+1	-6.6278E+1	-1.1898E+2	-8.8279E+1
2.5252E+3	1.9078E+1	5.3153E-1	6.5849E-2	-6.7099E+1	-6.6262E+1	-9.9831E+1	-8.6998E+1
2.7691E+3	1.9079E+1	5.0129E-1	6.5711E-2	-6.6983E+1	-6.6391E+1	-1.0507E+2	-8.7256E+1
3.0365E+3	1.9080E+1	4.7563E-1	6.5736E-2	-6.7057E+1	-6.6317E+1	-1.1054E+2	-8.7670E+1
3.3297E+3	1.9080E+1	4.5327E-1	6.5778E-2	-6.6996E+1	-6.6363E+1	-1.0389E+2	-8.7244E+1
3.6513E+3	1.9081E+1	4.3480E-1	6.5448E-2	-6.7115E+1	-6.6342E+1	-1.0199E+2	-8.7455E+1
4.0039E+3	1.9081E+1	4.2029E-1	6.5102E-2	-6.7216E+1	-6.6347E+1	-9.9257E+1	-8.6971E+1
4.3906E+3	1.9082E+1	4.0938E-1	6.4846E-2	-6.7353E+1	-6.6290E+1	-1.0269E+2	-8.8062E+1
4.8146E+3	1.9083E+1	4.0151E-1	6.5057E-2	-6.7342E+1	-6.6263E+1	-1.0003E+2	-8.6312E+1
5.2796E+3	1.9084E+1	3.9775E-1	6.4289E-2	-6.7469E+1	-6.6334E+1	-1.0507E+2	-8.7933E+1
5.7895E+3	1.9084E+1	3.9718E-1	6.4330E-2	-6.7594E+1	-6.6232E+1	-9.7049E+1	-8.8271E+1
6.3486E+3	1.9085E+1	4.0052E-1	6.3999E-2	-6.7699E+1	-6.6244E+1	-9.9895E+1	-8.6742E+1
6.9617E+3	1.9087E+1	4.0729E-1	6.3789E-2	-6.7767E+1	-6.6246E+1	-9.8180E+1	-8.6677E+1
7.6340E+3	1.9088E+1	4.1841E-1	6.3840E-2	-6.7789E+1	-6.6214E+1	-9.4439E+1	-8.7640E+1
8.3713E+3	1.9090E+1	4.3282E-1	6.4047E-2	-6.7903E+1	-6.6090E+1	-9.5595E+1	-8.7351E+1
9.1798E+3	1.9092E+1	4.5080E-1	6.3665E-2	-6.8034E+1	-6.6101E+1	-9.6142E+1	-8.6167E+1
1.0066E+4	1.9095E+1	4.7263E-1	6.4276E-2	-6.8164E+1	-6.5896E+1	-9.5677E+1	-8.5250E+1
1.1038E+4	1.9099E+1	4.9827E-1	6.4175E-2	-6.8311E+1	-6.5821E+1	-9.4290E+1	-8.6585E+1
1.2104E+4	1.9103E+1	5.2737E-1	6.5319E-2	-6.8412E+1	-6.5532E+1	-9.3301E+1	-8.6396E+1
1.3273E+4	1.9109E+1	5.5967E-1	6.6331E-2	-6.8639E+1	-6.5228E+1	-8.9389E+1	-8.6973E+1
1.4555E+4	1.9115E+1	5.9498E-1	6.6031E-2	-6.9158E+1	-6.5075E+1	-8.8781E+1	-8.6047E+1
1.5961E+4	1.9123E+1	6.3195E-1	6.5802E-2	-6.9805E+1	-6.4878E+1	-8.9715E+1	-8.6821E+1
1.7502E+4	1.9133E+1	6.7056E-1	6.2477E-2	-7.0996E+1	-6.5140E+1	-8.5653E+1	-8.7208E+1
1.9193E+4	1.9145E+1	7.0853E-1	5.9579E-2	-7.2356E+1	-6.5389E+1	-8.7330E+1	-8.2310E+1
2.1046E+4	1.9159E+1	7.4507E-1	5.2796E-2	-7.5727E+1	-6.6025E+1	-8.6439E+1	NaN
2.3079E+4	1.9175E+1	7.7770E-1	4.5164E-2	-8.1545E+1	-6.7090E+1	-8.8165E+1	NaN
2.5308E+4	1.9195E+1	8.0385E-1	4.1069E-2	-8.1748E+1	-6.7936E+1	-8.9476E+1	NaN
2.7752E+4	1.9218E+1	8.1839E-1	4.4679E-2	-7.3971E+1	-6.7971E+1	NaN	NaN
3.0432E+4	1.9245E+1	8.1515E-1	5.5038E-2	-6.9937E+1	-6.6958E+1	NaN	NaN
3.3371E+4	1.9275E+1	7.8344E-1	5.7638E-2	-6.7988E+1	-6.7613E+1	NaN	NaN
3.6594E+4	1.9308E+1	7.1422E-1	4.8259E-2	-6.6328E+1	NaN	NaN	NaN
4.0128E+4	1.9343E+1	6.0252E-1	4.7468E-2	-6.6472E+1	NaN	NaN	NaN
4.4003E+4	1.9376E+1	4.5388E-1	4.0966E-2	-6.7752E+1	NaN	NaN	NaN
4.8253E+4	1.9407E+1	2.7908E-1	2.8572E-2	-7.0881E+1	NaN	NaN	NaN
5.2912E+4	1.9439E+1	8.4267E-2	NaN	NaN	NaN	NaN	NaN
5.8023E+4	1.9471E+1	-1.3141E-1	NaN	NaN	NaN	NaN	NaN
6.3626E+4	1.9505E+1	-3.7530E-1	NaN	NaN	NaN	NaN	NaN
6.9771E+4	1.9540E+1	-6.5608E-1	NaN	NaN	NaN	NaN	NaN
7.6509E+4	1.9578E+1	-9.8111E-1	NaN	NaN	NaN	NaN	NaN
8.3898E+4	1.9617E+1	-1.3565E+0	NaN	NaN	NaN	NaN	NaN
9.2000E+4	1.9656E+1	-1.7876E+0	NaN	NaN	NaN	NaN	NaN
