%	Date:	2010-12-19	Time:	19:57:48
%	Sampling frequency		[Hz]:	204800
%	Generator amplitude		[V]:	2.0000
%	Settle time		[s]:	0.025000
%	Settle cycles:			5
%	Integration time		[s]:	0.025000
%	Integration cycles:			5
% Freq.	Amplitude	Phase	THD	HD 2	HD 3	HD 4	HD 5
% [Hz]	[dB]	[deg]	[%]	[dB ref fund]	[dB ref fund]	[dB ref fund]	[dB ref fund]
1.0000E+1	1.3864E+1	4.5702E+1	3.6772E-2	-6.9268E+1	-8.0850E+1	-8.7722E+1	-8.1581E+1
1.0966E+1	1.4366E+1	4.4132E+1	3.9914E-2	-6.8496E+1	-8.1115E+1	-8.8855E+1	-8.0515E+1
1.2025E+1	1.4840E+1	4.2432E+1	4.2413E-2	-6.7979E+1	-8.1242E+1	-9.1374E+1	-7.9075E+1
1.3186E+1	1.5284E+1	4.0621E+1	4.3677E-2	-6.7927E+1	-7.9421E+1	-9.0661E+1	-7.7615E+1
1.4459E+1	1.5696E+1	3.8724E+1	4.4813E-2	-6.8308E+1	-7.6145E+1	-8.5013E+1	-7.5893E+1
1.5856E+1	1.6075E+1	3.6766E+1	4.7539E-2	-6.8970E+1	-7.2755E+1	-8.0030E+1	-7.4403E+1
1.7387E+1	1.6421E+1	3.4770E+1	5.1519E-2	-7.0177E+1	-6.9983E+1	-7.6626E+1	-7.3254E+1
1.9066E+1	1.6734E+1	3.2760E+1	5.7613E-2	-7.1943E+1	-6.7720E+1	-7.3979E+1	-7.2295E+1
2.0908E+1	1.7015E+1	3.0760E+1	6.6922E-2	-7.4307E+1	-6.5653E+1	-7.1992E+1	-7.1223E+1
2.2927E+1	1.7265E+1	2.8787E+1	8.8184E-2	-7.3663E+1	-6.2753E+1	-7.3115E+1	-6.8089E+1
2.5141E+1	1.7486E+1	2.6860E+1	1.1189E-1	-7.3220E+1	-6.0421E+1	-7.3977E+1	-6.5907E+1
2.7569E+1	1.7680E+1	2.4996E+1	1.3137E-1	-7.4613E+1	-5.8854E+1	-7.2619E+1	-6.4756E+1
3.0231E+1	1.7850E+1	2.3206E+1	1.4988E-1	-7.7230E+1	-5.7606E+1	-7.0533E+1	-6.3939E+1
3.3151E+1	1.7997E+1	2.1499E+1	1.7016E-1	-7.7576E+1	-5.6499E+1	-6.8347E+1	-6.3074E+1
3.6353E+1	1.8124E+1	1.9881E+1	1.9346E-1	-7.3758E+1	-5.5452E+1	-6.6273E+1	-6.2112E+1
3.9863E+1	1.8233E+1	1.8356E+1	2.1924E-1	-6.9716E+1	-5.4476E+1	-6.4406E+1	-6.1139E+1
4.3713E+1	1.8327E+1	1.6925E+1	2.4747E-1	-6.6545E+1	-5.3561E+1	-6.2791E+1	-6.0120E+1
4.7935E+1	1.8407E+1	1.5589E+1	2.7719E-1	-6.4332E+1	-5.2695E+1	-6.1532E+1	-5.9083E+1
5.2564E+1	1.8475E+1	1.4346E+1	3.0522E-1	-6.2660E+1	-5.1961E+1	-6.0384E+1	-5.8261E+1
5.7640E+1	1.8532E+1	1.3195E+1	3.3110E-1	-6.1402E+1	-5.1337E+1	-5.9414E+1	-5.7583E+1
6.3207E+1	1.8581E+1	1.2130E+1	3.5516E-1	-6.0613E+1	-5.0768E+1	-5.8771E+1	-5.6905E+1
6.9311E+1	1.8623E+1	1.1148E+1	3.7471E-1	-5.9770E+1	-5.0385E+1	-5.8189E+1	-5.6351E+1
7.6005E+1	1.8659E+1	1.0244E+1	3.8843E-1	-5.9323E+1	-5.0085E+1	-5.7877E+1	-5.6052E+1
8.3345E+1	1.8690E+1	9.4109E+0	4.0572E-1	-5.8740E+1	-4.9763E+1	-5.7355E+1	-5.5647E+1
9.1394E+1	1.8716E+1	8.6469E+0	4.2282E-1	-5.7975E+1	-4.9513E+1	-5.6794E+1	-5.5220E+1
1.0022E+2	1.8739E+1	7.9469E+0	4.3779E-1	-5.7400E+1	-4.9292E+1	-5.6417E+1	-5.4824E+1
1.0990E+2	1.8759E+1	7.3057E+0	4.5217E-1	-5.7009E+1	-4.9053E+1	-5.6248E+1	-5.4384E+1
1.2051E+2	1.8777E+1	6.7186E+0	4.6543E-1	-5.6902E+1	-4.8775E+1	-5.6243E+1	-5.3992E+1
1.3215E+2	1.8792E+1	6.1813E+0	4.7893E-1	-5.7026E+1	-4.8440E+1	-5.6386E+1	-5.3633E+1
1.4491E+2	1.8805E+1	5.6902E+0	4.8965E-1	-5.7323E+1	-4.8140E+1	-5.6512E+1	-5.3425E+1
1.5891E+2	1.8817E+1	5.2416E+0	4.9867E-1	-5.7598E+1	-4.7892E+1	-5.6500E+1	-5.3335E+1
1.7426E+2	1.8829E+1	4.8321E+0	5.0555E-1	-5.7650E+1	-4.7726E+1	-5.6369E+1	-5.3324E+1
1.9108E+2	1.8839E+1	4.4580E+0	5.1098E-1	-5.7491E+1	-4.7631E+1	-5.6203E+1	-5.3300E+1
2.0954E+2	1.8849E+1	4.1156E+0	5.1569E-1	-5.7300E+1	-4.7564E+1	-5.6038E+1	-5.3264E+1
2.2977E+2	1.8859E+1	3.8016E+0	5.1994E-1	-5.7010E+1	-4.7514E+1	-5.5880E+1	-5.3247E+1
2.5196E+2	1.8868E+1	3.5130E+0	5.2416E-1	-5.6768E+1	-4.7462E+1	-5.5730E+1	-5.3227E+1
2.7630E+2	1.8876E+1	3.2472E+0	5.2820E-1	-5.6500E+1	-4.7418E+1	-5.5608E+1	-5.3198E+1
3.0298E+2	1.8884E+1	3.0017E+0	5.3215E-1	-5.6172E+1	-4.7382E+1	-5.5476E+1	-5.3190E+1
3.3224E+2	1.8892E+1	2.7744E+0	5.3551E-1	-5.5893E+1	-4.7356E+1	-5.5350E+1	-5.3183E+1
3.6433E+2	1.8900E+1	2.5634E+0	5.3904E-1	-5.5592E+1	-4.7330E+1	-5.5233E+1	-5.3182E+1
3.9951E+2	1.8907E+1	2.3672E+0	5.4212E-1	-5.5324E+1	-4.7311E+1	-5.5122E+1	-5.3183E+1
4.3810E+2	1.8914E+1	2.1842E+0	5.4534E-1	-5.5055E+1	-4.7291E+1	-5.5006E+1	-5.3189E+1
4.8040E+2	1.8920E+1	2.0134E+0	5.4818E-1	-5.4816E+1	-4.7275E+1	-5.4905E+1	-5.3195E+1
5.2680E+2	1.8926E+1	1.8539E+0	5.5093E-1	-5.4569E+1	-4.7265E+1	-5.4799E+1	-5.3209E+1
5.7767E+2	1.8931E+1	1.7048E+0	5.5318E-1	-5.4376E+1	-4.7257E+1	-5.4705E+1	-5.3224E+1
6.3346E+2	1.8936E+1	1.5653E+0	5.5541E-1	-5.4193E+1	-4.7250E+1	-5.4621E+1	-5.3230E+1
6.9464E+2	1.8940E+1	1.4350E+0	5.5758E-1	-5.4023E+1	-4.7242E+1	-5.4541E+1	-5.3239E+1
7.6173E+2	1.8944E+1	1.3131E+0	5.5930E-1	-5.3873E+1	-4.7240E+1	-5.4468E+1	-5.3254E+1
8.3529E+2	1.8948E+1	1.1993E+0	5.6084E-1	-5.3747E+1	-4.7235E+1	-5.4409E+1	-5.3270E+1
9.1596E+2	1.8951E+1	1.0931E+0	5.6231E-1	-5.3637E+1	-4.7232E+1	-5.4351E+1	-5.3276E+1
1.0044E+3	1.8953E+1	9.9380E-1	5.6376E-1	-5.3552E+1	-4.7222E+1	-5.4308E+1	-5.3276E+1
1.1014E+3	1.8956E+1	9.0107E-1	5.6478E-1	-5.3475E+1	-4.7221E+1	-5.4268E+1	-5.3278E+1
1.2078E+3	1.8958E+1	8.1447E-1	5.6599E-1	-5.3411E+1	-4.7212E+1	-5.4226E+1	-5.3285E+1
1.3244E+3	1.8960E+1	7.3348E-1	5.6684E-1	-5.3371E+1	-4.7205E+1	-5.4207E+1	-5.3279E+1
1.4523E+3	1.8961E+1	6.5763E-1	5.6772E-1	-5.3331E+1	-4.7198E+1	-5.4186E+1	-5.3272E+1
1.5926E+3	1.8963E+1	5.8648E-1	5.6856E-1	-5.3303E+1	-4.7189E+1	-5.4167E+1	-5.3264E+1
1.7464E+3	1.8964E+1	5.1959E-1	5.6918E-1	-5.3277E+1	-4.7184E+1	-5.4149E+1	-5.3260E+1
1.9151E+3	1.8965E+1	4.5658E-1	5.6966E-1	-5.3268E+1	-4.7177E+1	-5.4143E+1	-5.3250E+1
2.1000E+3	1.8965E+1	3.9695E-1	5.7012E-1	-5.3246E+1	-4.7174E+1	-5.4128E+1	-5.3249E+1
2.3028E+3	1.8966E+1	3.4031E-1	5.7083E-1	-5.3226E+1	-4.7165E+1	-5.4113E+1	-5.3241E+1
2.5252E+3	1.8967E+1	2.8610E-1	5.7128E-1	-5.3211E+1	-4.7161E+1	-5.4102E+1	-5.3234E+1
2.7691E+3	1.8967E+1	2.3409E-1	5.7164E-1	-5.3197E+1	-4.7160E+1	-5.4090E+1	-5.3227E+1
3.0365E+3	1.8968E+1	1.8383E-1	5.7220E-1	-5.3178E+1	-4.7153E+1	-5.4079E+1	-5.3224E+1
3.3297E+3	1.8968E+1	1.3497E-1	5.7276E-1	-5.3165E+1	-4.7149E+1	-5.4061E+1	-5.3211E+1
3.6513E+3	1.8968E+1	8.7223E-2	5.7338E-1	-5.3142E+1	-4.7142E+1	-5.4035E+1	-5.3216E+1
4.0039E+3	1.8969E+1	4.0206E-2	5.7397E-1	-5.3116E+1	-4.7139E+1	-5.4011E+1	-5.3214E+1
4.3906E+3	1.8969E+1	-6.3882E-3	5.7474E-1	-5.3092E+1	-4.7130E+1	-5.3989E+1	-5.3214E+1
4.8146E+3	1.8969E+1	-5.2797E-2	5.7605E-1	-5.3048E+1	-4.7118E+1	-5.3943E+1	-5.3210E+1
5.2796E+3	1.8969E+1	-9.9363E-2	5.7744E-1	-5.2997E+1	-4.7105E+1	-5.3892E+1	-5.3215E+1
5.7895E+3	1.8969E+1	-1.4629E-1	5.7925E-1	-5.2930E+1	-4.7091E+1	-5.3822E+1	-5.3211E+1
6.3486E+3	1.8969E+1	-1.9385E-1	5.8145E-1	-5.2848E+1	-4.7074E+1	-5.3730E+1	-5.3218E+1
6.9617E+3	1.8969E+1	-2.4229E-1	5.8377E-1	-5.2769E+1	-4.7058E+1	-5.3628E+1	-5.3217E+1
7.6340E+3	1.8969E+1	-2.9182E-1	5.8499E-1	-5.2693E+1	-4.7056E+1	-5.3535E+1	-5.3264E+1
8.3713E+3	1.8970E+1	-3.4285E-1	5.8367E-1	-5.2640E+1	-4.7087E+1	-5.3484E+1	-5.3390E+1
9.1798E+3	1.8970E+1	-3.9594E-1	5.8085E-1	-5.2590E+1	-4.7147E+1	-5.3424E+1	-5.3569E+1
1.0066E+4	1.8971E+1	-4.5156E-1	5.7867E-1	-5.2506E+1	-4.7232E+1	-5.3279E+1	-5.3710E+1
1.1038E+4	1.8973E+1	-5.1055E-1	5.7908E-1	-5.2372E+1	-4.7335E+1	-5.2968E+1	-5.3746E+1
1.2104E+4	1.8974E+1	-5.7330E-1	5.8382E-1	-5.2160E+1	-4.7428E+1	-5.2507E+1	-5.3657E+1
1.3273E+4	1.8976E+1	-6.4025E-1	5.9340E-1	-5.1861E+1	-4.7479E+1	-5.1973E+1	-5.3486E+1
1.4555E+4	1.8979E+1	-7.1212E-1	6.0764E-1	-5.1437E+1	-4.7445E+1	-5.1487E+1	-5.3345E+1
1.5961E+4	1.8982E+1	-7.8951E-1	6.2557E-1	-5.0887E+1	-4.7286E+1	-5.1104E+1	-5.3425E+1
1.7502E+4	1.8986E+1	-8.7354E-1	6.4762E-1	-5.0244E+1	-4.6967E+1	-5.0840E+1	-5.3829E+1
1.9193E+4	1.8990E+1	-9.6528E-1	6.7558E-1	-4.9548E+1	-4.6503E+1	-5.0604E+1	-5.4598E+1
2.1046E+4	1.8996E+1	-1.0661E+0	6.8994E-1	-4.8856E+1	-4.5967E+1	-5.0326E+1	NaN
2.3079E+4	1.9003E+1	-1.1775E+0	7.2833E-1	-4.8203E+1	-4.5518E+1	-5.0064E+1	NaN
2.5308E+4	1.9011E+1	-1.3012E+0	7.1429E-1	-4.7617E+1	-4.5269E+1	-5.3995E+1	NaN
2.7752E+4	1.9020E+1	-1.4377E+0	7.0755E-1	-4.7071E+1	-4.5166E+1	NaN	NaN
3.0432E+4	1.9030E+1	-1.5884E+0	7.3238E-1	-4.6528E+1	-4.5032E+1	NaN	NaN
3.3371E+4	1.9043E+1	-1.7574E+0	6.7487E-1	-4.5938E+1	-4.6976E+1	NaN	NaN
3.6594E+4	1.9059E+1	-1.9499E+0	5.4811E-1	-4.5223E+1	NaN	NaN	NaN
4.0128E+4	1.9076E+1	-2.1700E+0	6.0230E-1	-4.4404E+1	NaN	NaN	NaN
4.4003E+4	1.9094E+1	-2.4129E+0	6.6423E-1	-4.3554E+1	NaN	NaN	NaN
4.8253E+4	1.9112E+1	-2.6676E+0	7.0897E-1	-4.2987E+1	NaN	NaN	NaN
5.2912E+4	1.9129E+1	-3.0059E+0	NaN	NaN	NaN	NaN	NaN
5.8023E+4	1.9150E+1	-3.3312E+0	NaN	NaN	NaN	NaN	NaN
6.3626E+4	1.9178E+1	-3.7042E+0	NaN	NaN	NaN	NaN	NaN
6.9771E+4	1.9205E+1	-4.1194E+0	NaN	NaN	NaN	NaN	NaN
7.6509E+4	1.9209E+1	-4.5509E+0	NaN	NaN	NaN	NaN	NaN
8.3898E+4	1.9198E+1	-4.8576E+0	NaN	NaN	NaN	NaN	NaN
9.2000E+4	1.9211E+1	-5.4840E+0	NaN	NaN	NaN	NaN	NaN
