%	Date:	2010-12-17	Time:	18:41:53
%	Sampling frequency		[Hz]:	204800
%	Generator amplitude		[V]:	2.0000
%	Settle time		[s]:	0.025000
%	Settle cycles:			5
%	Integration time		[s]:	0.025000
%	Integration cycles:			5
% Freq.	Amplitude	Phase	THD	HD 2	HD 3	HD 4	HD 5
% [Hz]	[dB]	[deg]	[%]	[dB ref fund]	[dB ref fund]	[dB ref fund]	[dB ref fund]
1.0000E+1	4.1908E-4	4.6092E-2	1.1238E-3	-1.0541E+2	-1.0054E+2	-1.2062E+2	-1.1080E+2
1.0822E+1	7.4999E-4	4.3180E-2	1.1342E-3	-1.0463E+2	-1.0064E+2	-1.1553E+2	-1.1284E+2
1.1712E+1	1.0021E-3	4.0374E-2	1.0888E-3	-1.0596E+2	-1.0068E+2	-1.1959E+2	-1.1187E+2
1.2676E+1	1.2439E-3	3.7695E-2	1.0587E-3	-1.0487E+2	-1.0125E+2	-1.1647E+2	-1.1653E+2
1.3718E+1	1.4645E-3	3.5122E-2	1.0708E-3	-1.0497E+2	-1.0108E+2	-1.2412E+2	-1.1358E+2
1.4846E+1	1.6695E-3	3.2662E-2	9.1189E-4	-1.0743E+2	-1.0213E+2	-1.1550E+2	-1.2011E+2
1.6067E+1	1.8045E-3	3.0345E-2	9.3175E-4	-1.0838E+2	-1.0193E+2	-1.1625E+2	-1.1241E+2
1.7388E+1	1.9352E-3	2.8175E-2	9.4427E-4	-1.0662E+2	-1.0222E+2	-1.1797E+2	-1.1230E+2
1.8818E+1	2.0393E-3	2.6106E-2	8.7362E-4	-1.0657E+2	-1.0345E+2	-1.1445E+2	-1.1260E+2
2.0366E+1	2.1103E-3	2.4166E-2	9.7807E-4	-1.0662E+2	-1.0176E+2	-1.1716E+2	-1.1272E+2
2.2041E+1	2.1888E-3	2.2358E-2	8.2081E-4	-1.0795E+2	-1.0363E+2	-1.1598E+2	-1.1262E+2
2.3853E+1	2.2818E-3	2.0652E-2	8.0237E-4	-1.0672E+2	-1.0399E+2	-1.1906E+2	-1.1700E+2
2.5815E+1	2.3410E-3	1.9069E-2	8.9863E-4	-1.0437E+2	-1.0429E+2	-1.1582E+2	-1.1366E+2
2.7938E+1	2.3840E-3	1.7564E-2	8.6938E-4	-1.0573E+2	-1.0383E+2	-1.1627E+2	-1.1294E+2
3.0235E+1	2.4336E-3	1.6177E-2	8.1718E-4	-1.0598E+2	-1.0427E+2	-1.2185E+2	-1.1463E+2
3.2722E+1	2.4895E-3	1.4872E-2	8.4530E-4	-1.0413E+2	-1.0561E+2	-1.1836E+2	-1.1406E+2
3.5413E+1	2.5290E-3	1.3659E-2	8.3224E-4	-1.0885E+2	-1.0324E+2	-1.2002E+2	-1.1106E+2
3.8325E+1	2.5582E-3	1.2511E-2	7.3277E-4	-1.0555E+2	-1.0751E+2	-1.1594E+2	-1.1252E+2
4.1477E+1	2.5859E-3	1.1449E-2	7.4112E-4	-1.0793E+2	-1.0496E+2	-1.1844E+2	-1.1259E+2
4.4888E+1	2.6014E-3	1.0471E-2	7.1557E-4	-1.0765E+2	-1.0533E+2	-1.1757E+2	-1.1526E+2
4.8579E+1	2.6378E-3	9.5283E-3	7.5493E-4	-1.0529E+2	-1.0673E+2	-1.1650E+2	-1.1406E+2
5.2575E+1	2.6589E-3	8.6351E-3	6.9692E-4	-1.0600E+2	-1.0698E+2	-1.1903E+2	-1.1667E+2
5.6898E+1	2.6453E-3	7.8213E-3	6.4062E-4	-1.0926E+2	-1.0579E+2	-1.1759E+2	-1.1965E+2
6.1577E+1	2.6787E-3	7.0540E-3	8.0489E-4	-1.0439E+2	-1.0669E+2	-1.1770E+2	-1.1283E+2
6.6641E+1	2.6767E-3	6.3252E-3	8.0991E-4	-1.0496E+2	-1.0551E+2	-1.1635E+2	-1.1490E+2
7.2122E+1	2.6709E-3	5.6230E-3	8.4119E-4	-1.0414E+2	-1.0558E+2	-1.2039E+2	-1.1441E+2
7.8053E+1	2.6749E-3	4.9466E-3	7.1912E-4	-1.0800E+2	-1.0575E+2	-1.1395E+2	-1.1281E+2
8.4472E+1	2.6877E-3	4.3182E-3	7.6187E-4	-1.0622E+2	-1.0562E+2	-1.1817E+2	-1.1282E+2
9.1418E+1	2.6957E-3	3.7144E-3	7.7358E-4	-1.0476E+2	-1.0781E+2	-1.1462E+2	-1.1193E+2
9.8936E+1	2.7016E-3	3.1243E-3	7.0266E-4	-1.0738E+2	-1.0594E+2	-1.1920E+2	-1.1352E+2
1.0707E+2	2.7039E-3	2.5767E-3	1.0897E-3	-1.0100E+2	-1.0502E+2	-1.1287E+2	-1.1581E+2
1.1588E+2	2.7005E-3	2.0452E-3	8.3048E-4	-1.0448E+2	-1.0538E+2	-1.1631E+2	-1.1703E+2
1.2541E+2	2.7015E-3	1.5001E-3	7.9801E-4	-1.0416E+2	-1.0767E+2	-1.1470E+2	-1.1320E+2
1.3572E+2	2.7100E-3	9.3885E-4	1.0560E-3	-1.0145E+2	-1.0514E+2	-1.1307E+2	-1.1369E+2
1.4688E+2	2.6901E-3	4.7158E-4	9.6669E-4	-1.0198E+2	-1.0574E+2	-1.2132E+2	-1.1576E+2
1.5896E+2	2.6758E-3	-8.1879E-5	1.1793E-3	-9.9702E+1	-1.0575E+2	-1.1793E+2	-1.1423E+2
1.7203E+2	2.6943E-3	-6.1016E-4	6.2951E-4	-1.0860E+2	-1.0688E+2	-1.2335E+2	-1.1314E+2
1.8618E+2	2.6999E-3	-1.1114E-3	9.2945E-4	-1.0316E+2	-1.0502E+2	-1.1706E+2	-1.1331E+2
2.0149E+2	2.7004E-3	-1.6589E-3	6.7605E-4	-1.0875E+2	-1.0575E+2	-1.2075E+2	-1.1310E+2
2.1806E+2	2.7082E-3	-2.1926E-3	1.0694E-3	-1.0130E+2	-1.0571E+2	-1.1203E+2	-1.1144E+2
2.3600E+2	2.7212E-3	-2.7370E-3	1.1348E-3	-1.0029E+2	-1.0599E+2	-1.1214E+2	-1.1398E+2
2.5540E+2	2.6978E-3	-3.3083E-3	1.0145E-3	-1.0169E+2	-1.0671E+2	-1.1047E+2	-1.1320E+2
2.7641E+2	2.6943E-3	-3.8807E-3	1.0820E-3	-1.0087E+2	-1.0613E+2	-1.1509E+2	-1.1111E+2
2.9914E+2	2.6857E-3	-4.4940E-3	8.5780E-4	-1.0357E+2	-1.0738E+2	-1.1797E+2	-1.1010E+2
3.2374E+2	2.7025E-3	-5.1379E-3	7.1693E-4	-1.0515E+2	-1.0985E+2	-1.1730E+2	-1.1063E+2
3.5036E+2	2.7021E-3	-5.8463E-3	9.0206E-4	-1.0289E+2	-1.0662E+2	-1.1659E+2	-1.1227E+2
3.7918E+2	2.6997E-3	-6.5376E-3	4.9480E-4	-1.1059E+2	-1.0947E+2	-1.1957E+2	-1.1473E+2
4.1036E+2	2.6974E-3	-7.2915E-3	5.9213E-4	-1.1185E+2	-1.0655E+2	-1.1841E+2	-1.1303E+2
4.4411E+2	2.7036E-3	-8.0659E-3	7.1333E-4	-1.0387E+2	-1.1297E+2	-1.2383E+2	-1.1353E+2
4.8063E+2	2.6922E-3	-8.9362E-3	6.3449E-4	-1.0656E+2	-1.0981E+2	-1.1480E+2	-1.1358E+2
5.2015E+2	2.7108E-3	-9.8176E-3	7.4478E-4	-1.0548E+2	-1.0665E+2	-1.1973E+2	-1.1349E+2
5.6293E+2	2.7034E-3	-1.0789E-2	6.6858E-4	-1.0559E+2	-1.0914E+2	-1.1670E+2	-1.1554E+2
6.0922E+2	2.6969E-3	-1.1806E-2	7.5874E-4	-1.0442E+2	-1.0798E+2	-1.1635E+2	-1.1496E+2
6.5932E+2	2.6949E-3	-1.2929E-2	5.9779E-4	-1.0877E+2	-1.0857E+2	-1.1749E+2	-1.1169E+2
7.1355E+2	2.6915E-3	-1.4106E-2	6.5672E-4	-1.0649E+2	-1.0913E+2	-1.1834E+2	-1.1156E+2
7.7223E+2	2.7066E-3	-1.5381E-2	6.4253E-4	-1.0698E+2	-1.0801E+2	-1.1912E+2	-1.1377E+2
8.3573E+2	2.7322E-3	-1.6739E-2	6.3329E-4	-1.0723E+2	-1.0945E+2	-1.1370E+2	-1.1254E+2
9.0446E+2	2.7215E-3	-1.8222E-2	7.0082E-4	-1.0565E+2	-1.0797E+2	-1.1665E+2	-1.1425E+2
9.7884E+2	2.7371E-3	-1.9818E-2	6.2172E-4	-1.0758E+2	-1.0843E+2	-1.1748E+2	-1.1296E+2
1.0593E+3	2.7320E-3	-2.1555E-2	6.0979E-4	-1.0800E+2	-1.0842E+2	-1.1573E+2	-1.1371E+2
1.1465E+3	2.7374E-3	-2.3384E-2	6.7931E-4	-1.0800E+2	-1.0679E+2	-1.1700E+2	-1.1133E+2
1.2407E+3	2.7137E-3	-2.5388E-2	6.6896E-4	-1.0875E+2	-1.0608E+2	-1.1655E+2	-1.1343E+2
1.3428E+3	2.7230E-3	-2.7555E-2	6.5534E-4	-1.0659E+2	-1.0875E+2	-1.2168E+2	-1.1156E+2
1.4532E+3	2.7151E-3	-2.9902E-2	6.6595E-4	-1.0827E+2	-1.0685E+2	-1.1549E+2	-1.1225E+2
1.5727E+3	2.7119E-3	-3.2442E-2	7.5626E-4	-1.0684E+2	-1.0606E+2	-1.1261E+2	-1.1204E+2
1.7020E+3	2.7026E-3	-3.5206E-2	7.9798E-4	-1.0529E+2	-1.0677E+2	-1.1192E+2	-1.1176E+2
1.8420E+3	2.6909E-3	-3.8167E-2	8.7409E-4	-1.0442E+2	-1.0610E+2	-1.1045E+2	-1.1175E+2
1.9935E+3	2.6544E-3	-4.1402E-2	9.9429E-4	-1.0319E+2	-1.0530E+2	-1.1053E+2	-1.0902E+2
2.1574E+3	2.6386E-3	-4.4918E-2	1.2455E-3	-1.0031E+2	-1.0413E+2	-1.0823E+2	-1.1075E+2
2.3349E+3	2.6208E-3	-4.8711E-2	1.5240E-3	-9.8580E+1	-1.0207E+2	-1.0748E+2	-1.0866E+2
2.5269E+3	2.6032E-3	-5.2842E-2	1.7379E-3	-9.7009E+1	-1.0190E+2	-1.0597E+2	-1.0885E+2
2.7347E+3	2.5674E-3	-5.7272E-2	2.1184E-3	-9.5246E+1	-9.9744E+1	-1.0536E+2	-1.0831E+2
2.9596E+3	2.5365E-3	-6.2093E-2	2.3885E-3	-9.4036E+1	-9.8653E+1	-1.0554E+2	-1.0944E+2
3.2030E+3	2.4984E-3	-6.7291E-2	2.7839E-3	-9.2805E+1	-9.7177E+1	-1.0397E+2	-1.0715E+2
3.4664E+3	2.4561E-3	-7.2900E-2	3.1664E-3	-9.1224E+1	-9.6843E+1	-1.0546E+2	-1.0887E+2
3.7514E+3	2.3751E-3	-7.8959E-2	3.4577E-3	-9.0396E+1	-9.6204E+1	-1.0516E+2	-1.0900E+2
4.0599E+3	2.3027E-3	-8.5502E-2	3.7686E-3	-8.9583E+1	-9.5669E+1	-1.0449E+2	-1.0894E+2
4.3938E+3	2.2319E-3	-9.2586E-2	4.1732E-3	-8.8579E+1	-9.5068E+1	-1.0483E+2	-1.0991E+2
4.7552E+3	2.1838E-3	-1.0022E-1	4.5789E-3	-8.7709E+1	-9.4507E+1	-1.0442E+2	-1.0938E+2
5.1462E+3	2.0910E-3	-1.0845E-1	4.8411E-3	-8.7129E+1	-9.4283E+1	-1.0594E+2	-1.1093E+2
5.5694E+3	2.0038E-3	-1.1733E-1	5.2014E-3	-8.6427E+1	-9.4067E+1	-1.0620E+2	-1.0896E+2
6.0274E+3	1.9177E-3	-1.2691E-1	5.6269E-3	-8.5678E+1	-9.3741E+1	-1.0587E+2	-1.0899E+2
6.5231E+3	1.7904E-3	-1.3729E-1	5.8814E-3	-8.5260E+1	-9.3522E+1	-1.0594E+2	-1.0980E+2
7.0596E+3	1.6694E-3	-1.4845E-1	6.2464E-3	-8.4627E+1	-9.3722E+1	-1.0814E+2	-1.0803E+2
7.6401E+3	1.5477E-3	-1.6052E-1	6.5878E-3	-8.4115E+1	-9.3647E+1	-1.0746E+2	-1.0895E+2
8.2684E+3	1.3981E-3	-1.7353E-1	6.8836E-3	-8.3678E+1	-9.3799E+1	-1.0737E+2	-1.0791E+2
8.9484E+3	1.2208E-3	-1.8756E-1	7.2644E-3	-8.3169E+1	-9.3753E+1	-1.0667E+2	-1.0884E+2
9.6843E+3	1.0659E-3	-2.0269E-1	7.5042E-3	-8.2849E+1	-9.3905E+1	-1.0604E+2	-1.0999E+2
1.0481E+4	8.8205E-4	-2.1901E-1	7.8199E-3	-8.2454E+1	-9.4095E+1	-1.0501E+2	-1.0989E+2
1.1343E+4	6.5451E-4	-2.3661E-1	8.0194E-3	-8.2208E+1	-9.4380E+1	-1.0435E+2	-1.0822E+2
1.2275E+4	3.9476E-4	-2.5556E-1	8.2581E-3	-8.1910E+1	-9.4882E+1	-1.0371E+2	-1.1002E+2
1.3285E+4	1.5412E-4	-2.7597E-1	8.4281E-3	-8.1706E+1	-9.5299E+1	-1.0352E+2	-1.0940E+2
1.4377E+4	-1.5088E-4	-2.9796E-1	8.6000E-3	-8.1518E+1	-9.5385E+1	-1.0318E+2	-1.1049E+2
1.5560E+4	-4.6183E-4	-3.2163E-1	8.8154E-3	-8.1273E+1	-9.6155E+1	-1.0213E+2	-1.1045E+2
1.6839E+4	-8.2985E-4	-3.4712E-1	8.9124E-3	-8.1151E+1	-9.6900E+1	-1.0216E+2	-1.1179E+2
1.8224E+4	-1.2226E-3	-3.7454E-1	8.9010E-3	-8.1155E+1	-9.7232E+1	-1.0264E+2	-1.0827E+2
1.9723E+4	-1.4950E-3	-4.0393E-1	1.0049E-2	-8.0042E+1	-1.0125E+2	-1.0111E+2	-1.0374E+2
2.1345E+4	-2.0885E-3	-4.3573E-1	8.8941E-3	-8.1135E+1	-9.8522E+1	-1.0154E+2	NaN
2.3100E+4	-2.6014E-3	-4.6986E-1	8.9088E-3	-8.1112E+1	-9.8252E+1	-1.0335E+2	NaN
2.5000E+4	-3.1051E-3	-5.0650E-1	8.8979E-3	-8.1112E+1	-9.8333E+1	-1.0518E+2	NaN
