%	Date:	2010-12-20	Time:	17:29:12
%	Sampling frequency		[Hz]:	204800
%	Generator amplitude		[V]:	0.20000
%	Settle time		[s]:	0.025000
%	Settle cycles:			5
%	Integration time		[s]:	0.025000
%	Integration cycles:			5
% Freq.	Amplitude	Phase	THD	HD 2	HD 3	HD 4	HD 5
% [Hz]	[dB]	[deg]	[%]	[dB ref fund]	[dB ref fund]	[dB ref fund]	[dB ref fund]
1.0000E+1	-7.5643E+1	-1.0832E+2	1.8216E+4	-1.5942E+1	-1.7882E+1	-1.3090E+1	4.5209E+1
1.0966E+1	-7.4194E+1	-1.1598E+2	2.9245E+2	-1.8702E+1	-1.2788E+1	1.7846E+0	8.4377E+0
1.2025E+1	-7.6225E+1	-1.0889E+2	7.6608E+3	-1.2807E+1	-9.2027E+0	3.7685E+1	-4.4981E+0
1.3186E+1	-7.5778E+1	-9.9211E+1	3.5037E+3	-1.5463E+1	-6.7304E+0	3.0890E+1	-1.4927E+1
1.4459E+1	-7.5956E+1	-1.0283E+2	9.9868E+1	-2.0853E+1	-4.7231E-1	-1.0767E+1	-2.0775E+1
1.5856E+1	-7.1186E+1	-9.8847E+1	7.3977E+2	-1.4692E+1	1.7376E+1	-2.9624E+1	-1.4422E+1
1.7387E+1	-7.2211E+1	-1.1752E+2	4.3319E+3	-1.2599E+1	3.2733E+1	-1.8070E+1	-1.4901E+1
1.9066E+1	-7.1856E+1	-1.2010E+2	5.9443E+2	-4.3753E+0	1.0214E+1	-5.5196E+0	1.3835E+1
2.0908E+1	-6.7666E+1	-1.0718E+2	9.4754E+2	3.9809E+0	-1.0295E+1	-1.8489E+1	1.9404E+1
2.2927E+1	-1.1914E+1	-1.5083E+2	1.0326E+2	-9.2522E-1	-9.3717E+0	-1.0202E+1	-1.3266E+1
2.5141E+1	-6.2887E+1	-1.6443E+2	7.3833E+3	3.7365E+1	-1.5332E+1	-3.7037E+0	-2.6197E+1
2.7569E+1	-3.9768E+1	-1.7888E+1	1.1618E+3	2.1278E+1	-4.5010E+0	-7.2612E+0	-6.7118E+0
3.0231E+1	-6.8048E+1	-1.6604E+2	2.3182E+3	2.1762E+1	-1.4777E+1	-2.5846E+1	2.5881E+1
3.3151E+1	-1.6895E+1	-2.1129E+1	8.5144E+1	-4.1379E+0	-7.5643E+0	-9.8028E+0	-1.2261E+1
3.6353E+1	-5.2955E+1	1.3787E+1	3.5345E+2	-1.6549E+1	-2.0994E+1	1.0956E+1	-4.1121E+1
3.9863E+1	-2.4211E+1	7.0394E+1	2.7285E+1	-3.5752E+1	-5.0311E+1	-1.1299E+1	-4.5257E+1
4.3713E+1	-2.3217E+1	-6.1386E+0	8.1982E-1	-4.7631E+1	-4.3898E+1	-5.0995E+1	-5.9051E+1
4.7935E+1	-1.7829E+1	1.5462E+1	7.0032E+1	-5.9889E+0	-8.7699E+0	-1.2000E+1	-1.3687E+1
5.2564E+1	-1.4216E+1	1.5292E+2	1.7057E+1	-5.5061E+1	-1.5674E+1	-5.9349E+1	-2.6956E+1
5.7640E+1	-2.2212E+1	9.3368E+1	1.5041E+0	-5.0952E+1	-5.0068E+1	-3.6988E+1	-5.0829E+1
6.3207E+1	-3.6574E+1	1.1940E+2	2.4630E+1	-2.6890E+1	-2.8959E+1	-1.2420E+1	-4.1428E+1
6.9311E+1	-2.6738E+1	3.2627E+1	6.2740E+1	-4.1171E+0	-4.7834E+1	-4.7452E+1	-2.2161E+1
7.6005E+1	-1.9878E+1	-1.5178E+2	1.0121E+2	-8.2386E-1	-9.7501E+0	-1.3248E+1	-1.3578E+1
8.3345E+1	-6.4425E+1	3.2076E-2	3.0542E+3	2.6200E+1	2.7109E+1	2.8582E+0	-1.3547E+1
9.1394E+1	-5.3634E+1	-1.1286E+2	2.4750E+2	-1.0207E+1	1.0287E+0	-9.1768E+0	6.6673E+0
1.0022E+2	-1.8441E+1	-1.6988E+2	7.0145E+1	-5.7231E+0	-9.3378E+0	-1.1595E+1	-1.4138E+1
1.0990E+2	-5.7071E+1	3.6554E+1	1.1597E+3	1.2889E+1	1.7937E+0	1.9734E+1	1.2892E+1
1.2051E+2	-3.6431E+1	9.7585E+1	1.5854E+2	3.8114E+0	-1.3925E+1	-1.2094E+1	-2.2164E+1
1.3215E+2	-2.7405E+1	1.2806E-1	6.8659E+1	-6.5957E+0	-1.8969E+1	-2.2948E+1	-6.2956E+0
1.4491E+2	-3.1250E+1	-1.0964E+2	3.4570E+1	-1.8265E+1	-1.0789E+1	-2.6817E+1	-1.7183E+1
1.5891E+2	-3.3240E+1	2.5464E+1	4.7171E+1	-2.7496E+1	-1.2831E+1	-7.8333E+0	-2.4045E+1
1.7426E+2	-4.0364E+1	-2.9876E+1	3.9311E+1	-2.1131E+1	-2.0817E+1	-1.4547E+1	-9.8531E+0
1.9108E+2	-8.6608E+0	1.0228E+2	6.1222E+1	-6.8658E+0	-1.0938E+1	-1.3090E+1	-1.4049E+1
2.0954E+2	-3.8190E+1	1.5169E+2	1.9400E+2	-2.0857E+0	2.4744E+0	-1.2496E+0	-2.0252E+0
2.2977E+2	-3.4317E+1	-8.3679E+1	1.0051E+2	-1.9347E+0	-4.4481E+0	-2.1821E+1	-2.4003E+1
2.5196E+2	-4.0481E+1	6.9901E+1	1.4630E+2	1.0450E+0	-1.7249E+1	-1.2707E+0	-9.8624E+0
2.7630E+2	-3.9452E+1	-1.2698E+2	6.0206E+1	-1.0583E+1	-6.2717E+0	-2.1089E+1	-1.5044E+1
3.0298E+2	-4.8690E+1	-1.0024E+2	1.1882E+2	4.8166E-1	-9.3016E+0	-8.7037E+0	-1.3738E+1
3.3224E+2	-5.2576E+1	-9.2571E+1	1.2983E+2	2.1169E+0	-1.8284E+1	-1.3961E+1	-2.6177E+1
3.6433E+2	-5.1139E+1	-5.4186E+1	4.1523E+2	9.1680E+0	2.6206E+0	8.3046E+0	-4.1010E+0
3.9951E+2	-4.5349E+1	-1.3883E+2	1.1910E+2	1.0160E+0	-1.2934E+1	-1.6341E+1	-1.0920E+1
4.3810E+2	-3.6080E+1	1.3629E+2	5.9584E+1	-5.5229E+0	-1.3481E+1	-1.5589E+1	-2.6594E+1
4.8040E+2	-4.4007E+1	-3.5737E+1	7.3962E+1	-1.2889E+1	-3.2724E+0	-1.6765E+1	-2.4155E+1
5.2680E+2	-5.1274E+1	1.9342E+1	2.4593E+2	7.5819E+0	-9.0053E+0	-1.5353E+1	-7.8864E+0
5.7767E+2	-5.3540E+1	-2.9246E+1	7.5395E+1	-1.0881E+1	-4.3504E+0	-1.2500E+1	-1.1986E+1
6.3346E+2	-4.2378E+1	-8.9750E+1	1.1384E+1	-2.0920E+1	-2.8885E+1	-2.8395E+1	-2.6720E+1
6.9464E+2	-4.0314E+1	-1.6826E+2	2.6388E+1	-1.4145E+1	-2.4894E+1	-1.7477E+1	-1.9996E+1
7.6173E+2	-4.0068E+1	6.0416E+1	2.0500E+1	-1.4697E+1	-3.7920E+1	-2.3201E+1	-2.4990E+1
8.3529E+2	-3.8452E+1	1.7124E+2	3.0052E+1	-2.7124E+1	-2.0242E+1	-1.1758E+1	-1.9133E+1
9.1596E+2	-5.4595E+1	-2.4544E+1	1.0896E+2	-3.6268E+0	-1.5363E+0	-1.3899E+1	-1.9768E+1
1.0044E+3	-5.2495E+1	-6.0496E+1	4.8448E+1	-9.7890E+0	-1.8139E+1	-1.0092E+1	-1.7826E+1
1.1014E+3	-5.1191E+1	-5.2361E+1	3.2984E+1	-2.0369E+1	-1.0284E+1	-2.5136E+1	-2.5417E+1
1.2078E+3	-3.8909E+1	-9.4196E+1	3.8899E+0	-2.9536E+1	-3.5915E+1	-5.0790E+1	-3.8668E+1
1.3244E+3	-5.9558E+1	6.5374E+1	2.4126E+2	6.4895E+0	1.1052E+0	-1.8464E+1	-1.2195E+1
1.4523E+3	-3.9701E+1	3.4385E+1	1.1681E+1	-2.0195E+1	-2.6659E+1	-2.8517E+1	-3.2855E+1
1.5926E+3	-4.9804E+1	8.8177E+1	5.0231E+1	-7.3162E+0	-1.4308E+1	-2.8067E+1	-1.5505E+1
1.7464E+3	-4.7994E+1	9.8428E+1	5.3258E+1	-7.2895E+0	-1.5282E+1	-1.4999E+1	-1.4472E+1
1.9151E+3	-5.1633E+1	3.0380E+0	2.9434E+1	-1.6040E+1	-1.6724E+1	-2.4242E+1	-1.4351E+1
2.1000E+3	-5.3783E+1	-4.3664E+1	4.8817E+1	-8.4919E+0	-1.0711E+1	-2.0698E+1	-2.4703E+1
2.3028E+3	-3.9896E+1	-8.1568E+1	3.8198E+0	-3.3463E+1	-3.3877E+1	-3.4196E+1	-3.6606E+1
2.5252E+3	-4.2080E+1	8.1486E+1	1.5162E+1	-2.0121E+1	-2.1433E+1	-2.2580E+1	-3.2567E+1
2.7691E+3	-4.6024E+1	8.9446E+1	1.4133E+1	-1.9750E+1	-2.2751E+1	-2.9405E+1	-2.5333E+1
3.0365E+3	-4.3049E+1	8.0327E+1	1.3240E+1	-1.9370E+1	-3.4880E+1	-2.3255E+1	-3.0376E+1
3.3297E+3	-4.0005E+1	8.6062E+1	9.6630E+0	-2.2452E+1	-4.2914E+1	-2.5179E+1	-3.2473E+1
3.6513E+3	-4.8197E+1	3.5456E+1	6.5715E+1	-7.3179E+0	-7.4596E+0	-1.2754E+1	-1.8577E+1
4.0039E+3	-4.4857E+1	-2.5735E+1	5.3091E+0	-3.6479E+1	-3.2514E+1	-3.5198E+1	-2.7617E+1
4.3906E+3	-4.0606E+1	-4.3503E+1	7.4803E+0	-2.9658E+1	-4.1274E+1	-2.4386E+1	-3.0988E+1
4.8146E+3	-2.9369E+1	-8.5661E+1	1.7114E+0	-3.7330E+1	-4.5564E+1	-4.4722E+1	-4.3327E+1
5.2796E+3	-3.8960E+1	6.5912E+1	7.1351E+0	-2.6661E+1	-3.0909E+1	-3.1691E+1	-2.8401E+1
5.7895E+3	-3.8306E+1	6.4363E+1	5.1047E+0	-2.8218E+1	-3.1659E+1	-3.4503E+1	-4.2128E+1
6.3486E+3	-3.7868E+1	6.4458E+1	1.0333E+1	-3.7567E+1	-2.0578E+1	-2.9848E+1	-3.1471E+1
6.9617E+3	-3.7415E+1	6.3713E+1	3.1776E+0	-3.6814E+1	-3.3415E+1	-4.0132E+1	-3.6040E+1
7.6340E+3	-3.6391E+1	6.1904E+1	3.0574E+0	-3.6031E+1	-3.2803E+1	-3.7933E+1	-8.0688E+1
8.3713E+3	-3.2132E+1	-2.9214E+1	2.3420E+0	-3.5373E+1	-3.9216E+1	-4.4345E+1	-3.9924E+1
9.1798E+3	-2.9246E+1	-3.6521E+1	1.3668E+1	-3.0749E+1	-5.6756E+1	-5.4235E+1	-1.7488E+1
1.0066E+4	-2.3021E+1	-7.6560E+1	1.8425E+0	-3.4792E+1	-5.3525E+1	-5.6871E+1	-5.9115E+1
1.1038E+4	-3.4437E+1	5.6438E+1	4.0825E+0	-3.4247E+1	-4.0762E+1	-3.1538E+1	-3.2968E+1
1.2104E+4	-3.4029E+1	5.4240E+1	2.7404E+0	-3.4750E+1	-4.0086E+1	-3.9611E+1	-3.6808E+1
1.3273E+4	-3.3807E+1	5.2695E+1	1.5733E+0	-4.0898E+1	-4.1664E+1	-4.1379E+1	-4.5977E+1
1.4555E+4	-3.3383E+1	5.3409E+1	2.5950E+0	-3.8625E+1	-4.2972E+1	-3.3475E+1	-4.4383E+1
1.5961E+4	-3.3043E+1	5.0658E+1	1.7436E+1	-4.7145E+1	-3.8225E+1	-1.5200E+1	-4.4646E+1
1.7502E+4	-3.2581E+1	5.1751E+1	1.4574E+0	-4.4824E+1	-4.1849E+1	-4.6549E+1	-4.0362E+1
1.9193E+4	-1.8177E+1	-4.8785E+1	2.9761E+0	-3.1163E+1	-3.9381E+1	-5.8864E+1	-5.3899E+1
2.1046E+4	-2.0468E+1	-8.2247E+1	2.2312E+1	-1.3127E+1	-2.9673E+1	-4.5354E+1	NaN
2.3079E+4	-1.4132E+1	-8.9824E+1	2.1742E+0	-3.3330E+1	-5.0983E+1	-6.5940E+1	NaN
2.5308E+4	-3.0797E+1	4.9981E+1	2.8132E+0	-3.1230E+1	-4.7056E+1	-4.7360E+1	NaN
2.7752E+4	-3.0369E+1	4.8808E+1	7.8987E-1	-4.2378E+1	-5.3419E+1	NaN	NaN
3.0432E+4	-2.9853E+1	4.8116E+1	3.2030E+1	-5.0478E+1	-9.8892E+0	NaN	NaN
3.3371E+4	-2.9341E+1	4.7851E+1	1.9571E+0	-3.6416E+1	-3.8102E+1	NaN	NaN
3.6594E+4	-2.8900E+1	4.7143E+1	3.0920E-1	-5.0195E+1	NaN	NaN	NaN
4.0128E+4	-2.8265E+1	4.6663E+1	9.2102E-1	-4.0715E+1	NaN	NaN	NaN
4.4003E+4	-2.7831E+1	4.5358E+1	1.9110E+0	-3.4375E+1	NaN	NaN	NaN
4.8253E+4	-5.7701E+0	-1.1315E+2	7.2879E+0	-2.2748E+1	NaN	NaN	NaN
5.2912E+4	-1.6735E+1	-1.7966E+2	NaN	NaN	NaN	NaN	NaN
5.8023E+4	-7.8281E+0	-1.5013E+2	NaN	NaN	NaN	NaN	NaN
6.3626E+4	-2.4869E+1	3.6352E+1	NaN	NaN	NaN	NaN	NaN
6.9771E+4	-2.4964E+1	3.7008E+1	NaN	NaN	NaN	NaN	NaN
7.6509E+4	-2.4353E+1	3.4419E+1	NaN	NaN	NaN	NaN	NaN
8.3898E+4	-2.3919E+1	3.1425E+1	NaN	NaN	NaN	NaN	NaN
9.2000E+4	-2.3461E+1	2.8544E+1	NaN	NaN	NaN	NaN	NaN
