%	Date:	2010-12-20	Time:	17:27:29
%	Sampling frequency		[Hz]:	204800
%	Generator amplitude		[V]:	0.20000
%	Settle time		[s]:	0.025000
%	Settle cycles:			5
%	Integration time		[s]:	0.025000
%	Integration cycles:			5
% Freq.	Amplitude	Phase	THD	HD 2	HD 3	HD 4	HD 5
% [Hz]	[dB]	[deg]	[%]	[dB ref fund]	[dB ref fund]	[dB ref fund]	[dB ref fund]
1.0000E+1	-8.9586E+1	1.6192E+2	6.3607E+5	-8.5022E+0	-9.4663E+0	-8.4425E+0	7.6070E+1
1.0966E+1	-9.4133E+1	1.5442E+2	2.5441E+4	-2.5675E+0	1.1759E+1	4.0182E+1	4.7346E+1
1.2025E+1	-8.8619E+1	1.2628E+2	3.6609E+5	-7.0074E-1	1.4665E+1	7.1272E+1	2.3411E+1
1.3186E+1	-8.8424E+1	1.3076E+2	2.5798E+5	-3.6463E+0	1.0786E+1	6.8232E+1	-1.1153E+0
1.4459E+1	-8.5000E+1	1.3472E+2	1.0956E+4	6.7424E+0	3.9553E+1	3.4733E+1	6.1263E+0
1.5856E+1	-9.2612E+1	1.5704E+2	5.8781E+5	1.9873E+1	7.5385E+1	2.8139E+1	7.0440E+0
1.7387E+1	-8.3683E+1	-1.2742E+2	2.4258E+5	2.1380E+1	6.7697E+1	1.4191E+1	-2.7826E+0
1.9066E+1	-1.2346E+2	-1.0954E+2	7.2922E+5	6.2053E+1	7.7114E+1	4.1647E+1	5.0267E+1
2.0908E+1	-8.4699E+1	1.0685E+2	2.6107E+3	2.7908E+1	1.5695E+1	-3.1585E+0	1.4205E+1
2.2927E+1	-7.8922E+1	1.5604E+2	1.0207E+5	6.0178E+1	7.9727E+0	-5.4328E+0	-6.2463E+0
2.5141E+1	-8.9779E+1	2.4813E+0	6.2320E+5	7.5893E+1	8.3406E+0	2.5888E+1	7.4164E+0
2.7569E+1	-7.6282E+1	-3.8217E+1	7.2871E+4	5.7251E+1	-7.9601E+0	-1.2963E+1	1.6685E+1
3.0231E+1	-5.6532E+1	-1.2905E+2	3.1383E+3	1.9484E+1	-1.8419E+1	-2.4794E+1	2.9524E+1
3.3151E+1	-4.6939E+1	-5.2883E+1	1.2034E+2	1.1499E+0	-1.4739E+1	-1.4476E+1	-1.1201E+1
3.6353E+1	-4.6048E+1	-1.3253E+2	7.0195E+2	-1.5002E+1	-2.7672E+1	1.6923E+1	-3.0519E+1
3.9863E+1	-2.4245E+1	-1.3944E+2	2.7231E+1	-3.5534E+1	-4.9371E+1	-1.1318E+1	-4.4814E+1
4.3713E+1	-1.6921E+1	1.4598E+2	8.6658E-1	-4.5059E+1	-4.4585E+1	-5.1082E+1	-5.8827E+1
4.7935E+1	-1.4177E+1	4.1752E+1	1.8377E+1	-4.9118E+1	-1.5132E+1	-5.5233E+1	-2.5116E+1
5.2564E+1	-1.4250E+1	-5.7813E+1	1.7066E+1	-4.7779E+1	-1.5667E+1	-5.8149E+1	-2.7023E+1
5.7640E+1	-1.6447E+1	-1.2134E+2	1.3817E+0	-5.3275E+1	-5.6167E+1	-3.7382E+1	-5.9697E+1
6.3207E+1	-2.0538E+1	-1.2042E+2	2.5940E+1	-3.7545E+1	-6.1686E+1	-1.1733E+1	-5.0981E+1
6.9311E+1	-2.6658E+1	-1.7913E+2	6.1855E+1	-4.2492E+0	-4.2220E+1	-4.4860E+1	-2.1808E+1
7.6005E+1	-3.6201E+1	2.7027E+1	2.9162E+2	9.2422E+0	-9.8852E+0	-2.6367E+1	-3.3625E+1
8.3345E+1	-6.8738E+1	1.6271E+2	9.4116E+3	3.5859E+1	3.6964E+1	1.4843E+1	4.9707E+0
9.1394E+1	-4.5814E+1	3.1164E+1	3.1749E+2	-7.0911E+0	2.7270E+0	-5.9929E+0	8.8982E+0
1.0022E+2	-4.3630E+1	-5.5983E+0	3.3263E+1	-1.3253E+1	-2.3049E+1	-1.7665E+1	-1.3842E+1
1.0990E+2	-4.8933E+1	1.5548E+2	4.6246E+2	4.8085E+0	-3.8545E+0	1.1756E+1	4.7239E+0
1.2051E+2	-3.6087E+1	-1.7829E+2	1.5401E+2	3.4989E+0	-1.3380E+1	-1.0968E+1	-2.1122E+1
1.3215E+2	-2.9362E+1	7.7914E+1	8.8346E+1	-4.3956E+0	-3.4487E+1	-1.8342E+1	-3.9572E+0
1.4491E+2	-2.6789E+1	-2.4451E+1	3.5595E+1	-1.7295E+1	-1.0721E+1	-2.1976E+1	-1.7695E+1
1.5891E+2	-2.7082E+1	1.0929E+2	5.3539E+1	-2.8726E+1	-1.3807E+1	-6.2167E+0	-2.3261E+1
1.7426E+2	-2.9737E+1	5.7944E+1	4.2633E+1	-1.9907E+1	-1.6721E+1	-1.3122E+1	-9.9339E+0
1.9108E+2	-3.3742E+1	1.2644E+2	5.2425E+1	-1.9471E+1	-1.1199E+1	-7.7686E+0	-1.6882E+1
2.0954E+2	-3.7713E+1	-1.7292E+2	2.0070E+2	-3.3535E+0	3.7144E+0	-1.8948E+0	-2.4597E+0
2.2977E+2	-3.3960E+1	-6.7682E+1	9.7618E+1	-2.2743E+0	-4.5690E+0	-1.9879E+1	-2.9703E+1
2.5196E+2	-3.2391E+1	-2.7511E+1	5.1690E+1	-1.4829E+1	-7.4548E+0	-1.7239E+1	-1.4471E+1
2.7630E+2	-3.5092E+1	-1.1926E+2	7.3131E+1	-7.5032E+0	-5.4847E+0	-1.6511E+1	-1.2844E+1
3.0298E+2	-4.6173E+1	-1.1798E+2	2.0775E+2	5.9813E+0	-1.4531E+1	-6.1799E+0	-1.1194E+1
3.3224E+2	-5.0104E+1	-1.5394E+2	7.2463E+2	1.7082E+1	-5.6076E+0	2.1589E-1	-9.5732E+0
3.6433E+2	-5.0983E+1	-1.5916E+2	3.9724E+2	9.1156E+0	2.9525E-1	8.0638E+0	-8.2649E+0
3.9951E+2	-4.3896E+1	1.0889E+2	5.2946E+1	-7.6942E+0	-1.0957E+1	-1.5653E+1	-2.5453E+1
4.3810E+2	-3.6634E+1	1.5865E+1	6.5861E+1	-4.4150E+0	-1.6670E+1	-1.3172E+1	-2.6516E+1
4.8040E+2	-3.9936E+1	-1.5819E+2	6.8722E+1	-1.3415E+1	-4.1698E+0	-1.5301E+1	-1.8422E+1
5.2680E+2	-4.5940E+1	1.7322E+2	1.9807E+2	5.5602E+0	-1.2838E+1	-1.3457E+1	-6.4176E+0
5.7767E+2	-4.5731E+1	1.4100E+2	5.0929E+1	-1.2790E+1	-7.4023E+0	-1.8338E+1	-1.9901E+1
6.3346E+2	-3.3110E+1	1.7104E+2	1.9702E+1	-1.5691E+1	-3.3877E+1	-2.1288E+1	-2.3977E+1
6.9464E+2	-4.2995E+1	-7.6848E+1	4.6886E+1	-1.2659E+1	-1.3695E+1	-1.0199E+1	-1.5624E+1
7.6173E+2	-3.8903E+1	9.3655E+1	1.6049E+1	-1.7405E+1	-2.8002E+1	-2.3895E+1	-2.7172E+1
8.3529E+2	-3.7458E+1	1.3342E+2	2.3798E+1	-3.0816E+1	-3.0000E+1	-1.3378E+1	-2.0522E+1
9.1596E+2	-5.0888E+1	1.1634E+2	1.1065E+2	-7.1696E+0	-2.5062E-1	-1.1204E+1	-1.8981E+1
1.0044E+3	-4.4080E+1	1.0338E+2	1.9017E+1	-2.8778E+1	-1.9822E+1	-1.9580E+1	-1.8727E+1
1.1014E+3	-4.7860E+1	1.3008E+2	2.8851E+1	-2.4299E+1	-1.3689E+1	-1.5601E+1	-2.0350E+1
1.2078E+3	-5.3865E+1	4.9045E+1	1.0672E+2	-1.7277E+0	-1.2313E+1	-5.5134E+0	-8.9466E+0
1.3244E+3	-6.4688E+1	1.4018E+2	5.1606E+2	1.3300E+1	5.7706E+0	-5.8175E+0	8.4738E-1
1.4523E+3	-4.8565E+1	-1.0074E+2	3.0998E+1	-1.6038E+1	-2.1623E+1	-1.2357E+1	-2.2085E+1
1.5926E+3	-4.7914E+1	7.3513E+1	3.2185E+1	-1.1435E+1	-1.9555E+1	-1.8490E+1	-2.1883E+1
1.7464E+3	-5.4213E+1	9.8491E+1	4.3408E+1	-9.6747E+0	-1.3850E+1	-1.8316E+1	-1.6072E+1
1.9151E+3	-4.9750E+1	7.6208E+1	3.4197E+1	-1.2834E+1	-1.3870E+1	-2.4420E+1	-1.6937E+1
2.1000E+3	-4.8273E+1	8.8277E+1	2.9328E+1	-1.5054E+1	-1.9202E+1	-2.1306E+1	-1.4515E+1
2.3028E+3	-4.4839E+1	7.7396E+1	1.4074E+1	-2.1242E+1	-2.2932E+1	-2.2297E+1	-2.8828E+1
2.5252E+3	-4.7020E+1	8.0211E+1	1.9892E+1	-1.6806E+1	-1.9952E+1	-2.3551E+1	-2.3789E+1
2.7691E+3	-4.6609E+1	9.7115E+1	1.5934E+1	-1.7381E+1	-3.1264E+1	-2.2244E+1	-3.3959E+1
3.0365E+3	-4.2925E+1	7.1612E+1	7.4671E+0	-2.5298E+1	-2.8541E+1	-3.0002E+1	-3.6485E+1
3.3297E+3	-4.0000E+1	7.0259E+1	9.5837E+0	-2.3923E+1	-2.8280E+1	-3.0287E+1	-2.5669E+1
3.6513E+3	-4.2022E+1	7.9730E+1	9.9100E+0	-2.9031E+1	-2.3444E+1	-2.6922E+1	-2.6959E+1
4.0039E+3	-4.0423E+1	7.4433E+1	7.3366E+0	-3.3313E+1	-3.2396E+1	-3.0153E+1	-2.4717E+1
4.3906E+3	-4.0130E+1	7.3173E+1	6.6723E+0	-3.1174E+1	-3.1184E+1	-2.7610E+1	-2.9232E+1
4.8146E+3	-3.9831E+1	7.2422E+1	1.5837E+1	-2.5019E+1	-4.7585E+1	-1.6669E+1	-3.4178E+1
5.2796E+3	-3.8899E+1	6.8140E+1	6.4569E+0	-3.1166E+1	-3.1538E+1	-3.2150E+1	-2.6792E+1
5.7895E+3	-3.8643E+1	6.4386E+1	4.4271E+0	-3.1389E+1	-4.1365E+1	-2.9848E+1	-3.9030E+1
6.3486E+3	-3.7612E+1	6.4736E+1	1.2955E+1	-3.3394E+1	-1.8365E+1	-3.3133E+1	-2.8973E+1
6.9617E+3	-3.7132E+1	6.4285E+1	5.5302E+0	-3.5843E+1	-2.9237E+1	-2.9079E+1	-3.4324E+1
7.6340E+3	-3.6778E+1	6.2090E+1	2.7167E+0	-3.7871E+1	-9.3363E+1	-3.2737E+1	-4.3740E+1
8.3713E+3	-3.6077E+1	6.0142E+1	3.7282E+0	-3.1141E+1	-4.5061E+1	-3.8194E+1	-3.3583E+1
9.1798E+3	-3.5689E+1	5.8402E+1	1.7735E+1	-3.0268E+1	-3.8210E+1	-3.9295E+1	-1.5193E+1
1.0066E+4	-3.5098E+1	5.7897E+1	3.1691E+0	-3.2699E+1	-3.3941E+1	-4.3206E+1	-4.7997E+1
1.1038E+4	-3.4575E+1	5.6210E+1	3.3577E+0	-4.7341E+1	-3.6729E+1	-3.4227E+1	-3.2851E+1
1.2104E+4	-3.4379E+1	5.4456E+1	2.9043E+0	-4.1052E+1	-3.7350E+1	-4.3650E+1	-3.2694E+1
1.3273E+4	-3.3944E+1	5.4474E+1	2.9567E+0	-3.6545E+1	-4.4606E+1	-3.4690E+1	-3.5554E+1
1.4555E+4	-3.3301E+1	5.2931E+1	2.9396E+0	-4.0826E+1	-3.8421E+1	-3.2173E+1	-4.5043E+1
1.5961E+4	-3.2884E+1	5.1589E+1	2.0068E+1	-4.3194E+1	-2.8283E+1	-1.4122E+1	-4.4768E+1
1.7502E+4	-3.2553E+1	5.1492E+1	2.3357E+0	-4.0037E+1	-4.1430E+1	-4.7391E+1	-3.4483E+1
1.9193E+4	-3.1957E+1	5.2098E+1	1.9461E+0	-4.3063E+1	-3.8168E+1	-4.0615E+1	-4.0453E+1
2.1046E+4	-3.1729E+1	4.9530E+1	6.0496E+0	-4.5220E+1	-2.4618E+1	-3.7519E+1	NaN
2.3079E+4	-3.1298E+1	4.9613E+1	2.0683E+0	-4.3441E+1	-3.9334E+1	-3.5752E+1	NaN
2.5308E+4	-3.0712E+1	4.8666E+1	1.5506E+0	-3.8903E+1	-4.3544E+1	-4.1708E+1	NaN
2.7752E+4	-3.0221E+1	4.9108E+1	1.8538E+0	-3.5509E+1	-4.2047E+1	NaN	NaN
3.0432E+4	-2.9819E+1	4.9261E+1	2.6576E+1	-3.6223E+1	-1.1525E+1	NaN	NaN
3.3371E+4	-2.9414E+1	4.8362E+1	1.3570E+0	-3.9968E+1	-4.0789E+1	NaN	NaN
3.6594E+4	-2.8790E+1	4.7965E+1	8.1776E-2	-6.1747E+1	NaN	NaN	NaN
4.0128E+4	-2.8331E+1	4.6753E+1	5.3318E-1	-4.5463E+1	NaN	NaN	NaN
4.4003E+4	-2.7772E+1	4.6086E+1	1.0450E+0	-3.9618E+1	NaN	NaN	NaN
4.8253E+4	-2.7233E+1	4.4530E+1	1.3539E+0	-3.7368E+1	NaN	NaN	NaN
5.2912E+4	-2.6615E+1	4.3241E+1	NaN	NaN	NaN	NaN	NaN
5.8023E+4	-2.6006E+1	4.1797E+1	NaN	NaN	NaN	NaN	NaN
6.3626E+4	-2.5702E+1	4.3741E+1	NaN	NaN	NaN	NaN	NaN
6.9771E+4	-2.4825E+1	3.6836E+1	NaN	NaN	NaN	NaN	NaN
7.6509E+4	-2.4335E+1	3.4434E+1	NaN	NaN	NaN	NaN	NaN
8.3898E+4	-2.3829E+1	3.1691E+1	NaN	NaN	NaN	NaN	NaN
9.2000E+4	-2.3369E+1	2.9018E+1	NaN	NaN	NaN	NaN	NaN
