%	Date:	2010-12-14	Time:	20:23:37
%	Sampling frequency		[Hz]:	204800
%	Generator amplitude		[V]:	2.0000
%	Settle time		[s]:	0.025000
%	Settle cycles:			5
%	Integration time		[s]:	0.025000
%	Integration cycles:			5
% Freq.	Amplitude	Phase	THD	HD 2	HD 3	HD 4	HD 5
% [Hz]	[dB]	[deg]	[%]	[dB ref fund]	[dB ref fund]	[dB ref fund]	[dB ref fund]
2.0000E+1	-5.8089E+0	-1.7844E+2	1.9647E-3	-1.1327E+2	-9.7574E+1	-9.8605E+1	-1.0164E+2
2.1445E+1	-5.8079E+0	-1.7854E+2	2.3265E-3	-9.9966E+1	-9.6965E+1	-9.8904E+1	-9.9561E+1
2.2995E+1	-5.8070E+0	-1.7864E+2	5.5623E-3	-8.5824E+1	-9.7692E+1	-9.8662E+1	-9.7644E+1
2.4657E+1	-5.8063E+0	-1.7873E+2	8.5220E-3	-8.1773E+1	-9.6040E+1	-9.7615E+1	-9.7160E+1
2.6439E+1	-5.8055E+0	-1.7882E+2	7.3881E-3	-8.3181E+1	-9.5869E+1	-9.7140E+1	-9.7017E+1
2.8349E+1	-5.8049E+0	-1.7890E+2	4.1666E-3	-8.9750E+1	-9.6072E+1	-9.6198E+1	-9.7218E+1
3.0398E+1	-5.8043E+0	-1.7898E+2	2.5848E-3	-1.1265E+2	-9.4564E+1	-9.6745E+1	-9.9936E+1
3.2595E+1	-5.8037E+0	-1.7905E+2	3.3667E-3	-1.1279E+2	-9.2687E+1	-9.5133E+1	-9.5484E+1
3.4951E+1	-5.8032E+0	-1.7911E+2	3.4948E-3	-1.0550E+2	-9.2875E+1	-9.4884E+1	-9.4527E+1
3.7476E+1	-5.8028E+0	-1.7918E+2	3.8393E-3	-1.0838E+2	-9.3144E+1	-9.1817E+1	-9.4995E+1
4.0185E+1	-5.8025E+0	-1.7924E+2	3.8768E-3	-1.0598E+2	-9.2315E+1	-9.3684E+1	-9.3347E+1
4.3089E+1	-5.8024E+0	-1.7929E+2	3.8907E-3	-1.0574E+2	-9.1913E+1	-9.3836E+1	-9.3666E+1
4.6203E+1	-5.8022E+0	-1.7935E+2	4.0953E-3	-1.0194E+2	-9.2924E+1	-9.2480E+1	-9.2690E+1
4.9542E+1	-5.8009E+0	-1.7940E+2	4.2095E-3	-1.0403E+2	-9.2419E+1	-9.1965E+1	-9.2811E+1
5.3122E+1	-5.8016E+0	-1.7944E+2	5.5604E-3	-9.8833E+1	-8.8614E+1	-9.1297E+1	-9.0740E+1
5.6961E+1	-5.8008E+0	-1.7948E+2	5.1064E-3	-1.0489E+2	-9.0013E+1	-9.1070E+1	-9.0988E+1
6.1077E+1	-5.8009E+0	-1.7952E+2	5.4347E-3	-1.0004E+2	-8.8867E+1	-9.1547E+1	-9.0675E+1
6.5491E+1	-5.8001E+0	-1.7956E+2	6.2408E-3	-9.8665E+1	-8.8271E+1	-8.9855E+1	-8.9081E+1
7.0224E+1	-5.8000E+0	-1.7960E+2	7.1133E-3	-9.7723E+1	-8.7549E+1	-8.9188E+1	-8.7151E+1
7.5299E+1	-5.7999E+0	-1.7964E+2	6.9443E-3	-9.8035E+1	-8.7698E+1	-8.8264E+1	-8.8313E+1
8.0740E+1	-5.7997E+0	-1.7967E+2	7.3425E-3	-9.9672E+1	-8.6438E+1	-8.8544E+1	-8.7920E+1
8.6575E+1	-5.7996E+0	-1.7970E+2	7.2619E-3	-9.9191E+1	-8.6144E+1	-8.8577E+1	-8.8744E+1
9.2832E+1	-5.7995E+0	-1.7973E+2	8.6050E-3	-9.5316E+1	-8.5630E+1	-8.6200E+1	-8.7041E+1
9.9540E+1	-5.7994E+0	-1.7976E+2	8.8957E-3	-1.0288E+2	-8.4900E+1	-8.6131E+1	-8.6599E+1
1.0673E+2	-5.7993E+0	-1.7979E+2	9.1875E-3	-9.3699E+1	-8.5076E+1	-8.6036E+1	-8.6170E+1
1.1445E+2	-5.7992E+0	-1.7982E+2	9.3232E-3	-9.7734E+1	-8.5237E+1	-8.6020E+1	-8.5187E+1
1.2272E+2	-5.7991E+0	-1.7984E+2	1.0605E-2	-9.6081E+1	-8.3980E+1	-8.4698E+1	-8.4422E+1
1.3159E+2	-5.7989E+0	-1.7987E+2	1.2060E-2	-9.1953E+1	-8.2564E+1	-8.4061E+1	-8.3526E+1
1.4110E+2	-5.7989E+0	-1.7989E+2	1.2785E-2	-9.3031E+1	-8.2530E+1	-8.2682E+1	-8.3124E+1
1.5129E+2	-5.7989E+0	-1.7992E+2	1.3688E-2	-9.5095E+1	-8.0863E+1	-8.2509E+1	-8.3358E+1
1.6223E+2	-5.7988E+0	-1.7994E+2	1.4357E-2	-9.3990E+1	-8.1108E+1	-8.1922E+1	-8.2190E+1
1.7395E+2	-5.7987E+0	-1.7996E+2	1.5435E-2	-1.0561E+2	-8.0506E+1	-8.1128E+1	-8.1437E+1
1.8652E+2	-5.7987E+0	-1.7999E+2	1.6290E-2	-9.7405E+1	-8.0002E+1	-8.1444E+1	-8.0368E+1
2.0000E+2	-5.7986E+0	1.7999E+2	1.8006E-2	-9.4354E+1	-7.9146E+1	-8.0101E+1	-7.9952E+1
2.1445E+2	-5.7986E+0	1.7997E+2	1.9086E-2	-9.1694E+1	-7.9019E+1	-7.9472E+1	-7.9236E+1
2.2995E+2	-5.7985E+0	1.7994E+2	2.0668E-2	-8.9655E+1	-7.8042E+1	-7.8747E+1	-7.8999E+1
2.4657E+2	-5.7986E+0	1.7992E+2	2.1947E-2	-9.0677E+1	-7.7306E+1	-7.8432E+1	-7.8427E+1
2.6439E+2	-5.7985E+0	1.7989E+2	2.3848E-2	-9.1373E+1	-7.6561E+1	-7.7637E+1	-7.7736E+1
2.8349E+2	-5.7985E+0	1.7987E+2	2.5184E-2	-8.9540E+1	-7.6151E+1	-7.7260E+1	-7.7153E+1
3.0398E+2	-5.7985E+0	1.7984E+2	2.6408E-2	-8.9963E+1	-7.5748E+1	-7.6784E+1	-7.6749E+1
3.2595E+2	-5.7984E+0	1.7982E+2	2.9052E-2	-8.9471E+1	-7.4988E+1	-7.5993E+1	-7.5784E+1
3.4951E+2	-5.7985E+0	1.7979E+2	3.1690E-2	-8.7595E+1	-7.4139E+1	-7.5284E+1	-7.5156E+1
3.7476E+2	-5.7985E+0	1.7976E+2	3.3200E-2	-8.8042E+1	-7.3733E+1	-7.4761E+1	-7.4826E+1
4.0185E+2	-5.7985E+0	1.7973E+2	3.5397E-2	-8.6244E+1	-7.3327E+1	-7.4179E+1	-7.4176E+1
4.3089E+2	-5.7985E+0	1.7970E+2	3.7817E-2	-8.5766E+1	-7.2683E+1	-7.3440E+1	-7.3856E+1
4.6203E+2	-5.7985E+0	1.7967E+2	4.1557E-2	-8.4662E+1	-7.1924E+1	-7.2683E+1	-7.2911E+1
4.9542E+2	-5.7985E+0	1.7963E+2	4.3990E-2	-8.4439E+1	-7.1278E+1	-7.2366E+1	-7.2409E+1
5.3122E+2	-5.7985E+0	1.7960E+2	4.6686E-2	-8.4075E+1	-7.0780E+1	-7.1893E+1	-7.1816E+1
5.6961E+2	-5.7986E+0	1.7956E+2	5.0508E-2	-8.3219E+1	-7.0134E+1	-7.1157E+1	-7.1148E+1
6.1077E+2	-5.7986E+0	1.7952E+2	5.4418E-2	-8.2700E+1	-6.9557E+1	-7.0439E+1	-7.0475E+1
6.5491E+2	-5.7986E+0	1.7948E+2	5.8386E-2	-8.2172E+1	-6.8908E+1	-6.9906E+1	-6.9827E+1
7.0224E+2	-5.7987E+0	1.7943E+2	6.2087E-2	-8.1427E+1	-6.8417E+1	-6.9381E+1	-6.9246E+1
7.5299E+2	-5.7986E+0	1.7939E+2	6.7094E-2	-8.0724E+1	-6.7745E+1	-6.8639E+1	-6.8639E+1
8.0740E+2	-5.7987E+0	1.7934E+2	7.1593E-2	-8.0167E+1	-6.7157E+1	-6.8131E+1	-6.8050E+1
8.6575E+2	-5.7987E+0	1.7928E+2	7.6850E-2	-7.9914E+1	-6.6578E+1	-6.7480E+1	-6.7403E+1
9.2832E+2	-5.7988E+0	1.7923E+2	8.2109E-2	-7.9211E+1	-6.6000E+1	-6.6881E+1	-6.6864E+1
9.9540E+2	-5.7989E+0	1.7917E+2	8.8232E-2	-7.8600E+1	-6.5359E+1	-6.6257E+1	-6.6255E+1
1.0673E+3	-5.7989E+0	1.7910E+2	9.4851E-2	-7.8052E+1	-6.4696E+1	-6.5637E+1	-6.5658E+1
1.1445E+3	-5.7990E+0	1.7903E+2	1.0151E-1	-7.7205E+1	-6.4135E+1	-6.5093E+1	-6.5005E+1
1.2272E+3	-5.7991E+0	1.7896E+2	1.0893E-1	-7.6834E+1	-6.3482E+1	-6.4461E+1	-6.4447E+1
1.3159E+3	-5.7992E+0	1.7888E+2	1.1638E-1	-7.5926E+1	-6.2928E+1	-6.3874E+1	-6.3879E+1
1.4110E+3	-5.7993E+0	1.7880E+2	1.2501E-1	-7.5229E+1	-6.2281E+1	-6.3277E+1	-6.3270E+1
1.5129E+3	-5.7994E+0	1.7871E+2	1.3393E-1	-7.4808E+1	-6.1708E+1	-6.2642E+1	-6.2662E+1
1.6223E+3	-5.7995E+0	1.7861E+2	1.4388E-1	-7.4190E+1	-6.1067E+1	-6.2051E+1	-6.2034E+1
1.7395E+3	-5.7996E+0	1.7851E+2	1.5430E-1	-7.3688E+1	-6.0476E+1	-6.1427E+1	-6.1414E+1
1.8652E+3	-5.7998E+0	1.7840E+2	1.6547E-1	-7.2930E+1	-5.9882E+1	-6.0814E+1	-6.0807E+1
2.0000E+3	-5.7999E+0	1.7828E+2	1.7753E-1	-7.2361E+1	-5.9271E+1	-6.0192E+1	-6.0204E+1
2.1445E+3	-5.8000E+0	1.7815E+2	1.9071E-1	-7.1799E+1	-5.8652E+1	-5.9566E+1	-5.9579E+1
2.2995E+3	-5.8002E+0	1.7802E+2	2.0426E-1	-7.1134E+1	-5.8054E+1	-5.8990E+1	-5.8969E+1
2.4657E+3	-5.8004E+0	1.7787E+2	2.1952E-1	-7.0407E+1	-5.7453E+1	-5.8339E+1	-5.8344E+1
2.6439E+3	-5.8006E+0	1.7772E+2	2.3523E-1	-6.9942E+1	-5.6832E+1	-5.7758E+1	-5.7742E+1
2.8349E+3	-5.8009E+0	1.7755E+2	2.5275E-1	-6.9213E+1	-5.6218E+1	-5.7123E+1	-5.7122E+1
3.0398E+3	-5.8011E+0	1.7737E+2	2.7115E-1	-6.8550E+1	-5.5616E+1	-5.6527E+1	-5.6491E+1
3.2595E+3	-5.8014E+0	1.7718E+2	2.9103E-1	-6.8010E+1	-5.5013E+1	-5.5920E+1	-5.5850E+1
3.4951E+3	-5.8017E+0	1.7698E+2	3.1240E-1	-6.7327E+1	-5.4403E+1	-5.5298E+1	-5.5238E+1
3.7476E+3	-5.8021E+0	1.7676E+2	3.3499E-1	-6.6644E+1	-5.3801E+1	-5.4692E+1	-5.4631E+1
4.0185E+3	-5.8024E+0	1.7652E+2	3.6096E-1	-6.5986E+1	-5.3173E+1	-5.4018E+1	-5.3983E+1
4.3089E+3	-5.8029E+0	1.7627E+2	3.8676E-1	-6.5308E+1	-5.2586E+1	-5.3423E+1	-5.3369E+1
4.6203E+3	-5.8034E+0	1.7600E+2	4.1580E-1	-6.4679E+1	-5.1963E+1	-5.2804E+1	-5.2723E+1
4.9542E+3	-5.8039E+0	1.7571E+2	4.4702E-1	-6.4024E+1	-5.1356E+1	-5.2163E+1	-5.2082E+1
5.3122E+3	-5.8045E+0	1.7540E+2	4.8107E-1	-6.3302E+1	-5.0723E+1	-5.1522E+1	-5.1447E+1
5.6961E+3	-5.8052E+0	1.7507E+2	5.1647E-1	-6.2658E+1	-5.0120E+1	-5.0905E+1	-5.0817E+1
6.1077E+3	-5.8060E+0	1.7471E+2	5.5605E-1	-6.1922E+1	-4.9509E+1	-5.0268E+1	-5.0143E+1
6.5491E+3	-5.8068E+0	1.7433E+2	5.9794E-1	-6.1206E+1	-4.8900E+1	-4.9622E+1	-4.9507E+1
7.0224E+3	-5.8077E+0	1.7392E+2	6.4319E-1	-6.0497E+1	-4.8281E+1	-4.8989E+1	-4.8861E+1
7.5299E+3	-5.8088E+0	1.7348E+2	6.9188E-1	-5.9732E+1	-4.7673E+1	-4.8354E+1	-4.8208E+1
8.0740E+3	-5.8100E+0	1.7301E+2	7.4501E-1	-5.8971E+1	-4.7055E+1	-4.7699E+1	-4.7557E+1
8.6575E+3	-5.8113E+0	1.7251E+2	8.0230E-1	-5.8176E+1	-4.6446E+1	-4.7038E+1	-4.6903E+1
9.2832E+3	-5.8128E+0	1.7197E+2	8.6289E-1	-5.7346E+1	-4.5831E+1	-4.6413E+1	-4.6260E+1
9.9540E+3	-5.8145E+0	1.7139E+2	9.2910E-1	-5.6483E+1	-4.5218E+1	-4.5768E+1	-4.5605E+1
1.0673E+4	-5.8164E+0	1.7076E+2	1.0001E+0	-5.5619E+1	-4.4620E+1	-4.5107E+1	-4.4961E+1
1.1445E+4	-5.8186E+0	1.7009E+2	1.0767E+0	-5.4650E+1	-4.4035E+1	-4.4440E+1	-4.4314E+1
1.2272E+4	-5.8212E+0	1.6938E+2	1.1568E+0	-5.3713E+1	-4.3457E+1	-4.3779E+1	-4.3709E+1
1.3159E+4	-5.8242E+0	1.6861E+2	1.2415E+0	-5.2750E+1	-4.2929E+1	-4.3108E+1	-4.3099E+1
1.4110E+4	-5.8277E+0	1.6778E+2	1.3337E+0	-5.1818E+1	-4.2379E+1	-4.2424E+1	-4.2498E+1
1.5129E+4	-5.8317E+0	1.6690E+2	1.4291E+0	-5.0928E+1	-4.1881E+1	-4.1757E+1	-4.1898E+1
1.6223E+4	-5.8363E+0	1.6595E+2	1.5294E+0	-5.0052E+1	-4.1390E+1	-4.1109E+1	-4.1310E+1
1.7395E+4	-5.8414E+0	1.6494E+2	1.6362E+0	-4.9175E+1	-4.0891E+1	-4.0488E+1	-4.0716E+1
1.8652E+4	-5.8474E+0	1.6385E+2	1.7447E+0	-4.8470E+1	-4.0360E+1	-3.9918E+1	-4.0168E+1
2.0000E+4	-5.8540E+0	1.6268E+2	1.7415E+0	-4.7765E+1	-3.9788E+1	-3.9340E+1	-4.1862E+1
