%	Date:	2010-12-15	Time:	15:02:16
%	Sampling frequency		[Hz]:	204800
%	Generator amplitude		[V]:	0.20000
%	Settle time		[s]:	0.025000
%	Settle cycles:			5
%	Integration time		[s]:	0.025000
%	Integration cycles:			5
% Freq.	Amplitude	Phase	THD	HD 2	HD 3	HD 4	HD 5
% [Hz]	[dB]	[deg]	[%]	[dB ref fund]	[dB ref fund]	[dB ref fund]	[dB ref fund]
2.0000E+1	-1.5297E+1	1.0671E+0	7.5785E-3	-8.5518E+1	-8.5483E+1	-1.0984E+2	-1.0013E+2
2.1445E+1	-1.5296E+1	9.9004E-1	2.1154E-2	-7.3554E+1	-9.2205E+1	-1.0608E+2	-1.1533E+2
2.2995E+1	-1.5296E+1	9.1764E-1	1.2491E-1	-5.8068E+1	-1.0358E+2	-1.0134E+2	-9.9245E+1
2.4657E+1	-1.5295E+1	8.4843E-1	2.0790E-1	-5.3643E+1	-1.0135E+2	-1.1295E+2	-1.0775E+2
2.6439E+1	-1.5295E+1	7.8255E-1	1.7212E-1	-5.5283E+1	-1.0499E+2	-1.0442E+2	-1.0565E+2
2.8349E+1	-1.5295E+1	7.2176E-1	7.7278E-2	-6.2261E+1	-1.0064E+2	-1.1298E+2	-8.5396E+1
3.0398E+1	-1.5294E+1	6.6323E-1	3.1681E-2	-7.9451E+1	-1.0002E+2	-1.0355E+2	-7.0512E+1
3.2595E+1	-1.5294E+1	6.0927E-1	4.8428E-3	-8.6767E+1	-9.7077E+1	-1.1707E+2	-1.0379E+2
3.4951E+1	-1.5294E+1	5.5645E-1	6.9708E-3	-9.3670E+1	-1.0315E+2	-8.3716E+1	-9.8841E+1
3.7476E+1	-1.5292E+1	5.0431E-1	3.1278E-2	-9.6887E+1	-9.9355E+1	-7.0110E+1	-1.1252E+2
4.0185E+1	-1.5295E+1	4.2337E-1	9.1130E-3	-9.1649E+1	-9.5213E+1	-8.1382E+1	-1.0348E+2
4.3089E+1	-1.5302E+1	3.7034E-1	1.9266E-3	-9.9052E+1	-9.6893E+1	-1.2332E+2	-1.0378E+2
4.6203E+1	-1.5301E+1	2.8471E-1	1.0300E-2	-1.0309E+2	-7.9802E+1	-1.0275E+2	-1.0402E+2
4.9542E+1	-1.5276E+1	2.8767E-1	3.9143E-2	-9.2622E+1	-7.0268E+1	-1.0542E+2	-7.2320E+1
5.3122E+1	-1.5309E+1	3.0218E-1	1.9917E-2	-1.0024E+2	-7.4281E+1	-1.0402E+2	-8.6541E+1
5.6961E+1	-1.5301E+1	3.2707E-1	1.7956E-3	-9.9864E+1	-9.7466E+1	-1.0528E+2	-1.0985E+2
6.1077E+1	-1.5300E+1	1.7732E-1	2.1624E-2	-1.0555E+2	-9.5077E+1	-7.3334E+1	-1.1186E+2
6.5491E+1	-1.5288E+1	2.1687E-1	1.4563E-2	-8.4400E+1	-9.6136E+1	-7.7728E+1	-9.3371E+1
7.0224E+1	-1.5292E+1	1.7210E-1	3.3738E-2	-7.2966E+1	-9.8618E+1	-9.6652E+1	-7.2009E+1
7.5299E+1	-1.5291E+1	1.0449E-1	3.0824E-2	-7.0252E+1	-9.3204E+1	-1.0172E+2	-9.9661E+1
8.0740E+1	-1.5291E+1	7.8288E-2	2.9994E-2	-7.3700E+1	-7.3327E+1	-9.1540E+1	-9.9060E+1
8.6575E+1	-1.5291E+1	4.7358E-2	4.0605E-2	-8.0568E+1	-7.3886E+1	-7.2093E+1	-7.2718E+1
9.2832E+1	-1.5291E+1	1.5514E-2	3.2848E-2	-9.3143E+1	-8.7055E+1	-7.9723E+1	-7.0233E+1
9.9540E+1	-1.5291E+1	-1.9448E-2	2.6383E-3	-9.5963E+1	-1.1221E+2	-1.0097E+2	-9.4477E+1
1.0673E+2	-1.5292E+1	-5.5390E-2	2.4840E-2	-8.9813E+1	-8.5709E+1	-7.4056E+1	-7.7289E+1
1.1445E+2	-1.5292E+1	-9.1189E-2	5.1457E-2	-7.6861E+1	-7.2336E+1	-6.7537E+1	-8.0242E+1
1.2272E+2	-1.5292E+1	-1.1575E-1	3.0533E-2	-7.2392E+1	-7.4940E+1	-8.6080E+1	-8.9763E+1
1.3159E+2	-1.5291E+1	-1.4481E-1	2.9205E-2	-7.3639E+1	-9.1059E+1	-7.8600E+1	-7.5615E+1
1.4110E+2	-1.5293E+1	-1.7769E-1	3.2227E-2	-8.2771E+1	-7.1728E+1	-7.5125E+1	-9.1710E+1
1.5129E+2	-1.5293E+1	-2.1780E-1	5.0145E-2	-9.8637E+1	-6.6616E+1	-9.2590E+1	-7.4843E+1
1.6223E+2	-1.5293E+1	-2.5385E-1	3.0924E-2	-7.5498E+1	-7.4284E+1	-7.5391E+1	-8.9035E+1
1.7395E+2	-1.5290E+1	-2.9527E-1	3.5122E-2	-7.0790E+1	-7.8165E+1	-8.9065E+1	-7.6289E+1
1.8652E+2	-1.5291E+1	-3.5648E-1	3.6427E-2	-7.4215E+1	-7.4500E+1	-7.6004E+1	-7.4656E+1
2.0000E+2	-1.5292E+1	-3.9146E-1	8.3839E-3	-8.3957E+1	-9.1873E+1	-8.9850E+1	-8.8781E+1
2.1445E+2	-1.5291E+1	-4.3088E-1	4.8575E-2	-6.8410E+1	-7.4826E+1	-7.5172E+1	-7.5463E+1
2.2995E+2	-1.5292E+1	-4.6993E-1	4.7614E-2	-6.7271E+1	-8.5133E+1	-7.7443E+1	-7.7405E+1
2.4657E+2	-1.5290E+1	-5.3968E-1	2.7284E-2	-7.7209E+1	-7.5610E+1	-7.9433E+1	-7.7811E+1
2.6439E+2	-1.5292E+1	-5.9198E-1	2.7507E-2	-7.5280E+1	-8.2762E+1	-7.4736E+1	-8.1480E+1
2.8349E+2	-1.5292E+1	-6.3917E-1	2.7435E-2	-7.5489E+1	-7.5601E+1	-7.8964E+1	-8.1686E+1
3.0398E+2	-1.5292E+1	-6.9702E-1	1.9804E-2	-8.1858E+1	-7.8075E+1	-8.0711E+1	-8.0639E+1
3.2595E+2	-1.5293E+1	-7.4720E-1	2.7678E-2	-7.4397E+1	-7.6601E+1	-8.5369E+1	-7.8096E+1
3.4951E+2	-1.5291E+1	-8.2820E-1	2.6786E-2	-8.1749E+1	-7.4118E+1	-8.3810E+1	-7.6544E+1
3.7476E+2	-1.5293E+1	-8.9336E-1	2.7058E-2	-7.3590E+1	-8.1480E+1	-8.4700E+1	-7.7222E+1
4.0185E+2	-1.5291E+1	-9.5751E-1	1.7320E-2	-8.3609E+1	-8.2669E+1	-8.3999E+1	-7.7891E+1
4.3089E+2	-1.5294E+1	-1.0155E+0	3.0145E-2	-7.4275E+1	-8.1066E+1	-7.7949E+1	-7.5281E+1
4.6203E+2	-1.5296E+1	-1.1209E+0	2.3225E-2	-7.8145E+1	-8.3321E+1	-7.6315E+1	-7.9747E+1
4.9542E+2	-1.5294E+1	-1.1984E+0	1.8692E-2	-8.2123E+1	-8.0816E+1	-7.9744E+1	-8.0038E+1
5.3122E+2	-1.5292E+1	-1.2914E+0	2.9674E-2	-7.3650E+1	-8.1472E+1	-7.7250E+1	-7.7226E+1
5.6961E+2	-1.5294E+1	-1.4014E+0	2.1355E-2	-8.0494E+1	-8.0750E+1	-7.9314E+1	-7.7811E+1
6.1077E+2	-1.5293E+1	-1.4982E+0	2.3005E-2	-8.3727E+1	-7.7169E+1	-7.6247E+1	-8.2395E+1
6.5491E+2	-1.5294E+1	-1.6067E+0	2.0372E-2	-8.0611E+1	-7.6357E+1	-8.0937E+1	-8.7906E+1
7.0224E+2	-1.5294E+1	-1.7427E+0	1.2210E-2	-8.3782E+1	-8.2480E+1	-8.5746E+1	-8.6180E+1
7.5299E+2	-1.5295E+1	-1.8583E+0	1.7419E-2	-8.6025E+1	-7.6514E+1	-8.3890E+1	-8.8393E+1
8.0740E+2	-1.5296E+1	-2.0009E+0	1.7082E-2	-8.3640E+1	-7.6855E+1	-8.4134E+1	-9.4382E+1
8.6575E+2	-1.5298E+1	-2.1500E+0	2.1556E-2	-7.5371E+1	-8.0377E+1	-8.0930E+1	-9.7196E+1
9.2832E+2	-1.5299E+1	-2.3091E+0	2.2931E-2	-7.3513E+1	-8.3237E+1	-9.0601E+1	-8.6132E+1
9.9540E+2	-1.5298E+1	-2.4920E+0	1.4305E-2	-7.9488E+1	-8.1764E+1	-8.6660E+1	-9.4052E+1
1.0673E+3	-1.5298E+1	-2.6691E+0	2.1334E-2	-7.4003E+1	-8.4999E+1	-8.7934E+1	-9.0198E+1
1.1445E+3	-1.5302E+1	-2.8645E+0	2.0715E-2	-7.5218E+1	-7.9502E+1	-8.8714E+1	-9.5568E+1
1.2272E+3	-1.5301E+1	-3.0759E+0	2.0688E-2	-7.4207E+1	-8.7380E+1	-9.2788E+1	-8.6045E+1
1.3159E+3	-1.5305E+1	-3.2931E+0	2.1300E-2	-7.4052E+1	-8.3074E+1	-9.7733E+1	-9.0260E+1
1.4110E+3	-1.5306E+1	-3.5374E+0	1.5997E-2	-7.6332E+1	-9.1217E+1	-9.5004E+1	-8.9030E+1
1.5129E+3	-1.5308E+1	-3.7950E+0	1.4788E-2	-7.7232E+1	-8.6287E+1	-9.4479E+1	-9.6065E+1
1.6223E+3	-1.5310E+1	-4.0723E+0	9.3087E-3	-8.8872E+1	-8.6591E+1	-8.5164E+1	-8.6714E+1
1.7395E+3	-1.5314E+1	-4.3532E+0	9.7142E-3	-8.4597E+1	-1.0683E+2	-8.2931E+1	-9.0683E+1
1.8652E+3	-1.5317E+1	-4.6713E+0	1.0965E-2	-7.9824E+1	-9.2262E+1	-9.0670E+1	-9.7990E+1
2.0000E+3	-1.5320E+1	-5.0065E+0	1.7985E-2	-7.6715E+1	-9.9588E+1	-8.7678E+1	-8.0351E+1
2.1445E+3	-1.5326E+1	-5.3767E+0	1.4967E-2	-7.6991E+1	-9.5734E+1	-9.0757E+1	-8.8861E+1
2.2995E+3	-1.5330E+1	-5.7615E+0	1.8084E-2	-7.5962E+1	-8.9726E+1	-8.5942E+1	-8.4255E+1
2.4657E+3	-1.5334E+1	-6.1756E+0	2.2174E-2	-7.4586E+1	-8.4793E+1	-8.1913E+1	-8.3347E+1
2.6439E+3	-1.5341E+1	-6.6283E+0	1.6903E-2	-7.6471E+1	-9.9227E+1	-8.5941E+1	-8.4727E+1
2.8349E+3	-1.5349E+1	-7.1023E+0	1.8236E-2	-7.5261E+1	-9.5044E+1	-8.8834E+1	-8.7314E+1
3.0398E+3	-1.5357E+1	-7.5991E+0	2.1869E-2	-7.3477E+1	-9.3945E+1	-8.7096E+1	-9.2468E+1
3.2595E+3	-1.5366E+1	-8.1509E+0	2.1431E-2	-7.4146E+1	-8.2512E+1	-8.8399E+1	-9.4188E+1
3.4951E+3	-1.5377E+1	-8.7303E+0	3.1082E-2	-7.1112E+1	-8.2010E+1	-7.9213E+1	-9.0399E+1
3.7476E+3	-1.5390E+1	-9.3512E+0	2.3915E-2	-7.2679E+1	-8.5128E+1	-9.8548E+1	-1.0837E+2
4.0185E+3	-1.5405E+1	-1.0020E+1	2.9213E-2	-7.0840E+1	-8.6955E+1	-9.2775E+1	-9.4254E+1
4.3089E+3	-1.5421E+1	-1.0730E+1	2.9495E-2	-7.1047E+1	-8.5639E+1	-8.4224E+1	-8.7215E+1
4.6203E+3	-1.5439E+1	-1.1491E+1	2.8341E-2	-7.1245E+1	-8.4839E+1	-9.5462E+1	-8.7763E+1
4.9542E+3	-1.5461E+1	-1.2301E+1	3.2865E-2	-7.0279E+1	-8.3155E+1	-8.3173E+1	-8.3394E+1
5.3122E+3	-1.5486E+1	-1.3168E+1	3.5478E-2	-6.9300E+1	-9.1144E+1	-8.8097E+1	-8.2179E+1
5.6961E+3	-1.5513E+1	-1.4094E+1	3.5124E-2	-6.9196E+1	-9.8806E+1	-8.8891E+1	-8.7918E+1
6.1077E+3	-1.5545E+1	-1.5080E+1	3.3999E-2	-6.9754E+1	-8.6912E+1	-9.3920E+1	-8.1349E+1
6.5491E+3	-1.5582E+1	-1.6126E+1	4.3329E-2	-6.7426E+1	-8.8156E+1	-9.2497E+1	-8.3235E+1
7.0224E+3	-1.5623E+1	-1.7239E+1	5.2874E-2	-6.5874E+1	-9.4117E+1	-7.8973E+1	-8.1005E+1
7.5299E+3	-1.5670E+1	-1.8429E+1	4.0280E-2	-6.7964E+1	-9.4974E+1	-8.9498E+1	-8.9977E+1
8.0740E+3	-1.5724E+1	-1.9686E+1	4.8069E-2	-6.6711E+1	-8.2479E+1	-8.0091E+1	-8.6227E+1
8.6575E+3	-1.5785E+1	-2.1022E+1	4.8765E-2	-6.6443E+1	-9.1172E+1	-8.0396E+1	-8.9581E+1
9.2832E+3	-1.5853E+1	-2.2436E+1	4.6693E-2	-6.6771E+1	-8.1301E+1	-9.6145E+1	-1.0588E+2
9.9540E+3	-1.5932E+1	-2.3929E+1	4.8899E-2	-6.6388E+1	-8.2564E+1	-9.0557E+1	-8.5274E+1
1.0673E+4	-1.6020E+1	-2.5506E+1	5.5225E-2	-6.5232E+1	-8.6116E+1	-8.6181E+1	-9.4745E+1
1.1445E+4	-1.6118E+1	-2.7166E+1	5.8666E-2	-6.5021E+1	-8.3260E+1	-7.6194E+1	-9.1368E+1
1.2272E+4	-1.6229E+1	-2.8910E+1	5.9004E-2	-6.4615E+1	-8.9946E+1	-1.0258E+2	-8.8030E+1
1.3159E+4	-1.6354E+1	-3.0742E+1	1.9123E-1	-6.4087E+1	-5.4949E+1	-7.9346E+1	-7.2536E+1
1.4110E+4	-1.6493E+1	-3.2655E+1	6.0724E-2	-6.4442E+1	-8.6090E+1	-9.3394E+1	-8.2057E+1
1.5129E+4	-1.6648E+1	-3.4644E+1	6.2718E-2	-6.4195E+1	-8.6606E+1	-8.4305E+1	-8.1648E+1
1.6223E+4	-1.6820E+1	-3.6718E+1	6.9546E-2	-6.3275E+1	-8.7223E+1	-8.2792E+1	-8.2205E+1
1.7395E+4	-1.7011E+1	-3.8867E+1	7.2685E-2	-6.2931E+1	-7.9525E+1	-8.5519E+1	-8.2893E+1
1.8652E+4	-1.7220E+1	-4.1089E+1	7.8797E-2	-6.2159E+1	-8.6893E+1	-8.6372E+1	-8.0804E+1
2.0000E+4	-1.7451E+1	-4.3375E+1	8.2900E-2	-6.1704E+1	-8.5800E+1	-8.6235E+1	-8.1655E+1
