%	Date:	2010-12-15	Time:	14:55:31
%	Sampling frequency		[Hz]:	204800
%	Generator amplitude		[V]:	2.0000
%	Settle time		[s]:	0.025000
%	Settle cycles:			5
%	Integration time		[s]:	0.025000
%	Integration cycles:			5
% Freq.	Amplitude	Phase	THD	HD 2	HD 3	HD 4	HD 5
% [Hz]	[dB]	[deg]	[%]	[dB ref fund]	[dB ref fund]	[dB ref fund]	[dB ref fund]
2.0000E+1	-9.6712E+0	9.8727E-1	6.0896E-4	-1.0810E+2	-1.0848E+2	-1.1835E+2	-1.1227E+2
2.1445E+1	-9.6711E+0	9.1055E-1	2.4527E-3	-9.2402E+1	-1.0691E+2	-1.1854E+2	-1.1338E+2
2.2995E+1	-9.6709E+0	8.3811E-1	1.4756E-2	-7.6631E+1	-1.0373E+2	-1.1416E+2	-1.1367E+2
2.4657E+1	-9.6707E+0	7.6961E-1	2.3274E-2	-7.2666E+1	-1.0511E+2	-1.1137E+2	-1.1367E+2
2.6439E+1	-9.6705E+0	7.0453E-1	1.9875E-2	-7.4039E+1	-1.0450E+2	-1.2107E+2	-1.1150E+2
2.8349E+1	-9.6705E+0	6.4250E-1	8.7674E-3	-8.1209E+1	-1.0512E+2	-1.0979E+2	-1.0121E+2
3.0398E+1	-9.6700E+0	5.8417E-1	3.3554E-3	-9.7616E+1	-1.0197E+2	-1.2077E+2	-9.0514E+1
3.2595E+1	-9.6701E+0	5.2819E-1	1.2405E-3	-1.0032E+2	-1.0252E+2	-1.1576E+2	-1.1612E+2
3.4951E+1	-9.6699E+0	4.7470E-1	9.3703E-4	-1.1226E+2	-1.0245E+2	-1.0779E+2	-1.1076E+2
3.7476E+1	-9.6699E+0	4.2338E-1	3.3123E-3	-1.0346E+2	-1.0364E+2	-8.9988E+1	-1.1216E+2
4.0185E+1	-9.6697E+0	3.7834E-1	1.2465E-3	-1.0882E+2	-1.0462E+2	-9.9975E+1	-1.1144E+2
4.3089E+1	-9.6688E+0	3.3347E-1	7.6402E-4	-1.0485E+2	-1.0748E+2	-1.1478E+2	-1.1354E+2
4.6203E+1	-9.6691E+0	2.9176E-1	1.5322E-3	-1.0220E+2	-9.7668E+1	-1.2724E+2	-1.1498E+2
4.9542E+1	-9.6713E+0	2.3373E-1	4.4120E-3	-1.0578E+2	-8.8606E+1	-1.1172E+2	-9.2716E+1
5.3122E+1	-9.6674E+0	1.9643E-1	2.0999E-3	-1.0983E+2	-9.4202E+1	-1.2395E+2	-1.0300E+2
5.6961E+1	-9.6675E+0	1.4476E-1	7.2580E-4	-1.0677E+2	-1.0609E+2	-1.2282E+2	-1.1189E+2
6.1077E+1	-9.6686E+0	1.1302E-1	2.5514E-3	-1.0486E+2	-1.0625E+2	-9.2271E+1	-1.1729E+2
6.5491E+1	-9.6690E+0	5.8849E-2	1.6088E-3	-1.0467E+2	-1.0620E+2	-9.7065E+1	-1.1383E+2
7.0224E+1	-9.6686E+0	1.9908E-2	3.4403E-3	-9.3118E+1	-1.1008E+2	-1.1473E+2	-9.1658E+1
7.5299E+1	-9.6689E+0	-1.9034E-2	2.6292E-3	-9.1697E+1	-1.0962E+2	-1.1563E+2	-1.1942E+2
8.0740E+1	-9.6688E+0	-6.1235E-2	3.2995E-3	-9.6024E+1	-9.0807E+1	-1.1255E+2	-1.1552E+2
8.6575E+1	-9.6687E+0	-1.0334E-1	4.1291E-3	-9.9765E+1	-9.4747E+1	-9.1544E+1	-9.2491E+1
9.2832E+1	-9.6687E+0	-1.4616E-1	3.5746E-3	-1.0756E+2	-1.0109E+2	-9.9392E+1	-8.9717E+1
9.9540E+1	-9.6687E+0	-1.8943E-1	9.8424E-4	-1.0209E+2	-1.0549E+2	-1.1308E+2	-1.1714E+2
1.0673E+2	-9.6687E+0	-2.3296E-1	2.9419E-3	-1.0434E+2	-9.8946E+1	-9.3195E+1	-9.6535E+1
1.1445E+2	-9.6687E+0	-2.7858E-1	5.8739E-3	-9.4470E+1	-8.9939E+1	-8.6985E+1	-1.0116E+2
1.2272E+2	-9.6687E+0	-3.2466E-1	3.4025E-3	-9.2367E+1	-9.2789E+1	-1.0328E+2	-1.1319E+2
1.3159E+2	-9.6687E+0	-3.7272E-1	2.6564E-3	-9.5601E+1	-1.0419E+2	-9.9631E+1	-9.5478E+1
1.4110E+2	-9.6688E+0	-4.2254E-1	3.0755E-3	-9.8633E+1	-9.2770E+1	-9.5820E+1	-1.0730E+2
1.5129E+2	-9.6689E+0	-4.7470E-1	5.5447E-3	-9.7892E+1	-8.5905E+1	-1.0496E+2	-9.5052E+1
1.6223E+2	-9.6689E+0	-5.2940E-1	3.7780E-3	-9.2126E+1	-9.4409E+1	-9.3580E+1	-1.0867E+2
1.7395E+2	-9.6688E+0	-5.8726E-1	3.1438E-3	-9.2992E+1	-9.5294E+1	-1.0594E+2	-9.7820E+1
1.8652E+2	-9.6691E+0	-6.4902E-1	4.3428E-3	-9.1140E+1	-9.4475E+1	-9.4908E+1	-9.3595E+1
2.0000E+2	-9.6692E+0	-7.1201E-1	2.3004E-3	-9.4344E+1	-1.0029E+2	-1.0474E+2	-1.0466E+2
2.1445E+2	-9.6694E+0	-7.7774E-1	3.7321E-3	-9.1127E+1	-9.7854E+1	-9.5619E+1	-9.7370E+1
2.2995E+2	-9.6696E+0	-8.4957E-1	4.5556E-3	-8.7953E+1	-9.7663E+1	-9.7170E+1	-9.9579E+1
2.4657E+2	-9.6696E+0	-9.2192E-1	3.2031E-3	-9.3785E+1	-9.6593E+1	-9.9868E+1	-9.5446E+1
2.6439E+2	-9.6697E+0	-1.0021E+0	2.8603E-3	-9.8435E+1	-1.0068E+2	-9.3683E+1	-9.7934E+1
2.8349E+2	-9.6701E+0	-1.0865E+0	2.4202E-3	-9.9607E+1	-9.6325E+1	-9.9668E+1	-9.8689E+1
3.0398E+2	-9.6705E+0	-1.1756E+0	2.1124E-3	-9.9247E+1	-9.7935E+1	-1.0216E+2	-9.9765E+1
3.2595E+2	-9.6708E+0	-1.2693E+0	3.0505E-3	-9.3897E+1	-9.5036E+1	-1.0430E+2	-9.7643E+1
3.4951E+2	-9.6714E+0	-1.3722E+0	3.1464E-3	-1.0688E+2	-9.2464E+1	-1.1086E+2	-9.4042E+1
3.7476E+2	-9.6719E+0	-1.4787E+0	2.4679E-3	-9.7093E+1	-9.6348E+1	-1.2228E+2	-9.7414E+1
4.0185E+2	-9.6723E+0	-1.5935E+0	1.1435E-3	-1.1285E+2	-1.0260E+2	-1.0799E+2	-1.0262E+2
4.3089E+2	-9.6732E+0	-1.7174E+0	3.1929E-3	-9.2530E+1	-1.0065E+2	-9.9084E+1	-9.5998E+1
4.6203E+2	-9.6734E+0	-1.8498E+0	2.5922E-3	-9.3849E+1	-1.2214E+2	-9.6202E+1	-1.0713E+2
4.9542E+2	-9.6744E+0	-1.9878E+0	1.5778E-3	-1.0088E+2	-1.0446E+2	-1.0035E+2	-1.0408E+2
5.3122E+2	-9.6752E+0	-2.1375E+0	2.9644E-3	-9.3348E+1	-1.1143E+2	-9.6600E+1	-9.7209E+1
5.6961E+2	-9.6764E+0	-2.2955E+0	2.5535E-3	-9.4725E+1	-1.0846E+2	-9.8380E+1	-9.8078E+1
6.1077E+2	-9.6776E+0	-2.4669E+0	2.1217E-3	-1.0382E+2	-1.0063E+2	-9.6368E+1	-1.0039E+2
6.5491E+2	-9.6790E+0	-2.6500E+0	1.7678E-3	-1.0549E+2	-9.8808E+1	-1.0142E+2	-1.0094E+2
7.0224E+2	-9.6804E+0	-2.8452E+0	1.1781E-3	-1.0557E+2	-1.0052E+2	-1.1213E+2	-1.0789E+2
7.5299E+2	-9.6821E+0	-3.0543E+0	1.5371E-3	-1.0098E+2	-9.9464E+1	-1.0805E+2	-1.0560E+2
8.0740E+2	-9.6844E+0	-3.2778E+0	1.2184E-3	-1.0774E+2	-1.0531E+2	-1.0235E+2	-1.0357E+2
8.6575E+2	-9.6867E+0	-3.5182E+0	1.3764E-3	-9.8102E+1	-1.0916E+2	-1.0712E+2	-1.1511E+2
9.2832E+2	-9.6893E+0	-3.7728E+0	2.1002E-3	-9.4226E+1	-1.0733E+2	-1.0500E+2	-1.0886E+2
9.9540E+2	-9.6925E+0	-4.0483E+0	9.3293E-4	-1.0990E+2	-1.0271E+2	-1.1363E+2	-1.0723E+2
1.0673E+3	-9.6960E+0	-4.3411E+0	1.5031E-3	-9.8612E+1	-1.0486E+2	-1.0365E+2	-1.0903E+2
1.1445E+3	-9.7001E+0	-4.6560E+0	9.0656E-4	-1.0956E+2	-1.0650E+2	-1.0359E+2	-1.1306E+2
1.2272E+3	-9.7047E+0	-4.9922E+0	1.7956E-3	-9.5904E+1	-1.0197E+2	-1.2404E+2	-1.1762E+2
1.3159E+3	-9.7100E+0	-5.3530E+0	1.5383E-3	-1.0043E+2	-1.0026E+2	-1.1683E+2	-1.0302E+2
1.4110E+3	-9.7159E+0	-5.7384E+0	1.2923E-3	-1.0343E+2	-1.0146E+2	-1.0466E+2	-1.0796E+2
1.5129E+3	-9.7230E+0	-6.1514E+0	1.4436E-3	-9.9572E+1	-1.0084E+2	-1.1035E+2	-1.1193E+2
1.6223E+3	-9.7310E+0	-6.5922E+0	1.4159E-3	-9.8958E+1	-1.0182E+2	-1.1185E+2	-1.1985E+2
1.7395E+3	-9.7401E+0	-7.0649E+0	9.2416E-4	-1.0702E+2	-1.0676E+2	-1.0437E+2	-1.1100E+2
1.8652E+3	-9.7504E+0	-7.5683E+0	8.2340E-4	-1.0542E+2	-1.0573E+2	-1.0978E+2	-1.1743E+2
2.0000E+3	-9.7623E+0	-8.1087E+0	6.9294E-4	-1.0830E+2	-1.1013E+2	-1.0674E+2	-1.1626E+2
2.1445E+3	-9.7759E+0	-8.6848E+0	8.3507E-4	-1.0644E+2	-1.0720E+2	-1.1139E+2	-1.0684E+2
2.2995E+3	-9.7916E+0	-9.3015E+0	1.0320E-3	-1.0240E+2	-1.0703E+2	-1.1613E+2	-1.0573E+2
2.4657E+3	-9.8095E+0	-9.9590E+0	1.0570E-3	-1.0840E+2	-1.0440E+2	-1.0852E+2	-1.0328E+2
2.6439E+3	-9.8299E+0	-1.0661E+1	1.2704E-3	-1.0595E+2	-1.0210E+2	-1.0210E+2	-1.0900E+2
2.8349E+3	-9.8531E+0	-1.1410E+1	1.0992E-3	-1.0282E+2	-1.0929E+2	-1.0649E+2	-1.0464E+2
3.0398E+3	-9.8796E+0	-1.2207E+1	1.0550E-3	-1.0412E+2	-1.1076E+2	-1.0427E+2	-1.0572E+2
3.2595E+3	-9.9098E+0	-1.3057E+1	1.2832E-3	-1.0238E+2	-1.0795E+2	-1.0048E+2	-1.1856E+2
3.4951E+3	-9.9444E+0	-1.3962E+1	1.2816E-3	-1.0388E+2	-1.0245E+2	-1.0185E+2	-1.1923E+2
3.7476E+3	-9.9836E+0	-1.4923E+1	1.1122E-3	-1.0538E+2	-1.0154E+2	-1.0866E+2	-1.0961E+2
4.0185E+3	-1.0028E+1	-1.5942E+1	9.8834E-4	-1.0724E+2	-1.0161E+2	-1.1051E+2	-1.2056E+2
4.3089E+3	-1.0079E+1	-1.7024E+1	1.2214E-3	-1.0457E+2	-9.9639E+1	-1.1307E+2	-1.2167E+2
4.6203E+3	-1.0137E+1	-1.8168E+1	1.3730E-3	-1.1036E+2	-9.7562E+1	-1.2374E+2	-1.1448E+2
4.9542E+3	-1.0202E+1	-1.9378E+1	7.3128E-4	-1.0935E+2	-1.0621E+2	-1.0933E+2	-1.1202E+2
5.3122E+3	-1.0275E+1	-2.0654E+1	1.2099E-3	-1.0468E+2	-1.0035E+2	-1.0866E+2	-1.1187E+2
5.6961E+3	-1.0359E+1	-2.1997E+1	4.8240E-4	-1.3001E+2	-1.0815E+2	-1.1183E+2	-1.1886E+2
6.1077E+3	-1.0452E+1	-2.3407E+1	7.3379E-4	-1.0527E+2	-1.0919E+2	-1.1014E+2	-1.1629E+2
6.5491E+3	-1.0557E+1	-2.4885E+1	1.4523E-3	-1.0149E+2	-1.0114E+2	-1.1023E+2	-1.0271E+2
7.0224E+3	-1.0675E+1	-2.6428E+1	1.1289E-3	-9.9886E+1	-1.0783E+2	-1.2004E+2	-1.1137E+2
7.5299E+3	-1.0806E+1	-2.8035E+1	9.2849E-4	-1.0468E+2	-1.0406E+2	-1.1258E+2	-1.1130E+2
8.0740E+3	-1.0952E+1	-2.9703E+1	1.3713E-3	-9.8494E+1	-1.0913E+2	-1.0681E+2	-1.0868E+2
8.6575E+3	-1.1114E+1	-3.1428E+1	1.9690E-3	-9.4967E+1	-1.1118E+2	-1.0292E+2	-1.0984E+2
9.2832E+3	-1.1293E+1	-3.3205E+1	2.1114E-3	-9.3979E+1	-1.0991E+2	-1.0500E+2	-1.1404E+2
9.9540E+3	-1.1489E+1	-3.5028E+1	2.1395E-3	-9.3714E+1	-1.0799E+2	-1.0994E+2	-1.1188E+2
1.0673E+4	-1.1705E+1	-3.6890E+1	1.4576E-3	-9.7015E+1	-1.1775E+2	-1.0978E+2	-1.1844E+2
1.1445E+4	-1.1940E+1	-3.8783E+1	2.0052E-3	-9.7363E+1	-1.0419E+2	-9.7688E+1	-1.0993E+2
1.2272E+4	-1.2196E+1	-4.0700E+1	1.6019E-3	-9.7019E+1	-1.0467E+2	-1.0732E+2	-1.1275E+2
1.3159E+4	-1.2472E+1	-4.2630E+1	1.6613E-2	-9.9236E+1	-7.5712E+1	-1.0060E+2	-9.2562E+1
1.4110E+4	-1.2769E+1	-4.4564E+1	1.5616E-3	-9.7899E+1	-1.1404E+2	-1.0342E+2	-1.0492E+2
1.5129E+4	-1.3088E+1	-4.6494E+1	1.6546E-3	-9.7210E+1	-1.0441E+2	-1.0972E+2	-1.0434E+2
1.6223E+4	-1.3427E+1	-4.8408E+1	2.3712E-3	-1.0167E+2	-1.0706E+2	-9.3242E+1	-1.2290E+2
1.7395E+4	-1.3787E+1	-5.0297E+1	7.9995E-3	-9.8618E+1	-1.0435E+2	-1.0101E+2	-8.2114E+1
1.8652E+4	-1.4166E+1	-5.2152E+1	1.1283E-3	-1.0276E+2	-1.1099E+2	-1.0346E+2	-1.0672E+2
2.0000E+4	-1.4566E+1	-5.3966E+1	1.3036E-3	-9.9004E+1	-1.0439E+2	-1.1432E+2	-1.1390E+2
