%	Date:	2010-12-20	Time:	13:50:00
%	Sampling frequency		[Hz]:	204800
%	Generator amplitude		[V]:	2.0000
%	Settle time		[s]:	0.025000
%	Settle cycles:			5
%	Integration time		[s]:	0.025000
%	Integration cycles:			5
% Freq.	Amplitude	Phase	THD	HD 2	HD 3	HD 4	HD 5
% [Hz]	[dB]	[deg]	[%]	[dB ref fund]	[dB ref fund]	[dB ref fund]	[dB ref fund]
1.0000E+1	1.4046E+1	-1.3127E+2	1.5669E-1	-5.7475E+1	-6.3204E+1	-6.7652E+1	-7.7856E+1
1.0966E+1	1.4550E+1	-1.3314E+2	1.6536E-1	-5.6772E+1	-6.2661E+1	-7.1387E+1	-7.7667E+1
1.2025E+1	1.5025E+1	-1.3510E+2	1.8019E-1	-5.5996E+1	-6.1759E+1	-7.3890E+1	-7.6039E+1
1.3186E+1	1.5468E+1	-1.3716E+2	1.9675E-1	-5.5211E+1	-6.0969E+1	-7.5265E+1	-7.5347E+1
1.4459E+1	1.5879E+1	-1.3928E+2	2.1652E-1	-5.4352E+1	-6.0210E+1	-7.4500E+1	-7.5367E+1
1.5856E+1	1.6257E+1	-1.4144E+2	2.4207E-1	-5.3361E+1	-5.9375E+1	-7.2013E+1	-7.5296E+1
1.7387E+1	1.6601E+1	-1.4363E+2	2.7180E-1	-5.2317E+1	-5.8624E+1	-6.9137E+1	-7.5631E+1
1.9066E+1	1.6913E+1	-1.4580E+2	3.0769E-1	-5.1091E+1	-5.8575E+1	-6.5565E+1	-7.6606E+1
2.0908E+1	1.7192E+1	-1.4795E+2	3.4747E-1	-4.9967E+1	-5.8262E+1	-6.3150E+1	-7.6803E+1
2.2927E+1	1.7440E+1	-1.5007E+2	3.8451E-1	-4.9166E+1	-5.6920E+1	-6.2120E+1	-7.6502E+1
2.5141E+1	1.7658E+1	-1.5212E+2	4.2798E-1	-4.8374E+1	-5.5381E+1	-6.0952E+1	-7.1184E+1
2.7569E+1	1.7849E+1	-1.5410E+2	4.7533E-1	-4.7623E+1	-5.3918E+1	-5.9763E+1	-6.7101E+1
3.0231E+1	1.8015E+1	-1.5600E+2	5.1971E-1	-4.6984E+1	-5.2720E+1	-5.8886E+1	-6.4603E+1
3.3151E+1	1.8160E+1	-1.5780E+2	5.5274E-1	-4.6524E+1	-5.1913E+1	-5.8509E+1	-6.3540E+1
3.6353E+1	1.8285E+1	-1.5950E+2	5.7754E-1	-4.6172E+1	-5.1378E+1	-5.8344E+1	-6.3332E+1
3.9863E+1	1.8393E+1	-1.6110E+2	5.9653E-1	-4.5897E+1	-5.1009E+1	-5.8306E+1	-6.3387E+1
4.3713E+1	1.8485E+1	-1.6260E+2	6.1063E-1	-4.5708E+1	-5.0682E+1	-5.8488E+1	-6.3412E+1
4.7935E+1	1.8564E+1	-1.6400E+2	6.2061E-1	-4.5612E+1	-5.0333E+1	-5.8856E+1	-6.3133E+1
5.2564E+1	1.8632E+1	-1.6531E+2	6.3003E-1	-4.5520E+1	-5.0034E+1	-5.9207E+1	-6.2830E+1
5.7640E+1	1.8689E+1	-1.6652E+2	6.3718E-1	-4.5477E+1	-4.9743E+1	-5.9612E+1	-6.2478E+1
6.3207E+1	1.8738E+1	-1.6764E+2	6.4426E-1	-4.5432E+1	-4.9490E+1	-5.9924E+1	-6.2127E+1
6.9311E+1	1.8779E+1	-1.6867E+2	6.5003E-1	-4.5401E+1	-4.9277E+1	-6.0206E+1	-6.1836E+1
7.6005E+1	1.8814E+1	-1.6963E+2	6.5564E-1	-4.5361E+1	-4.9102E+1	-6.0415E+1	-6.1662E+1
8.3345E+1	1.8844E+1	-1.7050E+2	6.6016E-1	-4.5324E+1	-4.8978E+1	-6.0538E+1	-6.1589E+1
9.1394E+1	1.8870E+1	-1.7131E+2	6.6279E-1	-4.5312E+1	-4.8880E+1	-6.0707E+1	-6.1516E+1
1.0022E+2	1.8892E+1	-1.7206E+2	6.6460E-1	-4.5327E+1	-4.8753E+1	-6.1086E+1	-6.1314E+1
1.0990E+2	1.8910E+1	-1.7274E+2	6.6537E-1	-4.5335E+1	-4.8693E+1	-6.1358E+1	-6.1243E+1
1.2051E+2	1.8926E+1	-1.7337E+2	6.6555E-1	-4.5352E+1	-4.8636E+1	-6.1680E+1	-6.1170E+1
1.3215E+2	1.8940E+1	-1.7395E+2	6.6546E-1	-4.5405E+1	-4.8522E+1	-6.2123E+1	-6.0909E+1
1.4491E+2	1.8952E+1	-1.7448E+2	6.6512E-1	-4.5446E+1	-4.8444E+1	-6.2577E+1	-6.0752E+1
1.5891E+2	1.8962E+1	-1.7497E+2	6.6419E-1	-4.5496E+1	-4.8374E+1	-6.3036E+1	-6.0614E+1
1.7426E+2	1.8970E+1	-1.7542E+2	6.6417E-1	-4.5531E+1	-4.8304E+1	-6.3354E+1	-6.0500E+1
1.9108E+2	1.8978E+1	-1.7583E+2	6.6313E-1	-4.5568E+1	-4.8275E+1	-6.3587E+1	-6.0378E+1
2.0954E+2	1.8985E+1	-1.7621E+2	6.6366E-1	-4.5598E+1	-4.8199E+1	-6.3945E+1	-6.0242E+1
2.2977E+2	1.8991E+1	-1.7656E+2	6.6330E-1	-4.5613E+1	-4.8186E+1	-6.4009E+1	-6.0184E+1
2.5196E+2	1.8996E+1	-1.7689E+2	6.6361E-1	-4.5612E+1	-4.8174E+1	-6.4144E+1	-6.0175E+1
2.7630E+2	1.9001E+1	-1.7719E+2	6.6371E-1	-4.5616E+1	-4.8161E+1	-6.4223E+1	-6.0162E+1
3.0298E+2	1.9006E+1	-1.7747E+2	6.6352E-1	-4.5630E+1	-4.8151E+1	-6.4159E+1	-6.0082E+1
3.3224E+2	1.9009E+1	-1.7773E+2	6.6469E-1	-4.5614E+1	-4.8142E+1	-6.4018E+1	-6.0027E+1
3.6433E+2	1.9013E+1	-1.7797E+2	6.6503E-1	-4.5615E+1	-4.8137E+1	-6.3924E+1	-5.9917E+1
3.9951E+2	1.9016E+1	-1.7820E+2	6.6591E-1	-4.5608E+1	-4.8125E+1	-6.3749E+1	-5.9866E+1
4.3810E+2	1.9019E+1	-1.7841E+2	6.6638E-1	-4.5599E+1	-4.8133E+1	-6.3523E+1	-5.9812E+1
4.8040E+2	1.9022E+1	-1.7862E+2	6.6781E-1	-4.5576E+1	-4.8137E+1	-6.3208E+1	-5.9718E+1
5.2680E+2	1.9024E+1	-1.7881E+2	6.6865E-1	-4.5578E+1	-4.8119E+1	-6.2972E+1	-5.9579E+1
5.7767E+2	1.9026E+1	-1.7899E+2	6.7004E-1	-4.5562E+1	-4.8117E+1	-6.2656E+1	-5.9436E+1
6.3346E+2	1.9028E+1	-1.7917E+2	6.7168E-1	-4.5541E+1	-4.8118E+1	-6.2251E+1	-5.9300E+1
6.9464E+2	1.9030E+1	-1.7934E+2	6.7210E-1	-4.5541E+1	-4.8129E+1	-6.1883E+1	-5.9130E+1
7.6173E+2	1.9031E+1	-1.7951E+2	6.7447E-1	-4.5516E+1	-4.8125E+1	-6.1379E+1	-5.8917E+1
8.3529E+2	1.9033E+1	-1.7967E+2	6.7643E-1	-4.5509E+1	-4.8110E+1	-6.0884E+1	-5.8668E+1
9.1596E+2	1.9034E+1	-1.7984E+2	6.7854E-1	-4.5478E+1	-4.8138E+1	-6.0339E+1	-5.8436E+1
1.0044E+3	1.9035E+1	-1.8000E+2	6.8135E-1	-4.5464E+1	-4.8126E+1	-5.9743E+1	-5.8105E+1
1.1014E+3	1.9036E+1	1.7984E+2	6.8424E-1	-4.5453E+1	-4.8116E+1	-5.9164E+1	-5.7746E+1
1.2078E+3	1.9037E+1	1.7967E+2	6.8763E-1	-4.5425E+1	-4.8132E+1	-5.8539E+1	-5.7356E+1
1.3244E+3	1.9038E+1	1.7950E+2	6.9218E-1	-4.5406E+1	-4.8117E+1	-5.7883E+1	-5.6880E+1
1.4523E+3	1.9038E+1	1.7933E+2	6.9762E-1	-4.5360E+1	-4.8132E+1	-5.7173E+1	-5.6444E+1
1.5926E+3	1.9039E+1	1.7915E+2	7.0384E-1	-4.5329E+1	-4.8122E+1	-5.6470E+1	-5.5924E+1
1.7464E+3	1.9039E+1	1.7896E+2	7.1142E-1	-4.5285E+1	-4.8121E+1	-5.5730E+1	-5.5357E+1
1.9151E+3	1.9039E+1	1.7877E+2	7.2051E-1	-4.5227E+1	-4.8122E+1	-5.4979E+1	-5.4794E+1
2.1000E+3	1.9039E+1	1.7856E+2	7.3136E-1	-4.5173E+1	-4.8109E+1	-5.4221E+1	-5.4135E+1
2.3028E+3	1.9039E+1	1.7834E+2	7.4431E-1	-4.5098E+1	-4.8115E+1	-5.3423E+1	-5.3467E+1
2.5252E+3	1.9039E+1	1.7810E+2	7.6029E-1	-4.5008E+1	-4.8102E+1	-5.2623E+1	-5.2766E+1
2.7691E+3	1.9039E+1	1.7785E+2	7.7873E-1	-4.4912E+1	-4.8084E+1	-5.1842E+1	-5.2018E+1
3.0365E+3	1.9039E+1	1.7758E+2	8.0101E-1	-4.4786E+1	-4.8078E+1	-5.1001E+1	-5.1290E+1
3.3297E+3	1.9038E+1	1.7729E+2	8.2722E-1	-4.4637E+1	-4.8079E+1	-5.0183E+1	-5.0507E+1
3.6513E+3	1.9037E+1	1.7698E+2	8.5915E-1	-4.4462E+1	-4.8054E+1	-4.9330E+1	-4.9706E+1
4.0039E+3	1.9036E+1	1.7664E+2	8.9609E-1	-4.4267E+1	-4.8037E+1	-4.8484E+1	-4.8872E+1
4.3906E+3	1.9035E+1	1.7627E+2	9.4025E-1	-4.4037E+1	-4.8005E+1	-4.7618E+1	-4.8015E+1
4.8146E+3	1.9034E+1	1.7587E+2	9.9249E-1	-4.3765E+1	-4.7963E+1	-4.6746E+1	-4.7135E+1
5.2796E+3	1.9032E+1	1.7543E+2	1.0540E+0	-4.3443E+1	-4.7927E+1	-4.5854E+1	-4.6247E+1
5.7895E+3	1.9030E+1	1.7495E+2	1.1267E+0	-4.3077E+1	-4.7866E+1	-4.4949E+1	-4.5324E+1
6.3486E+3	1.9028E+1	1.7444E+2	1.2119E+0	-4.2655E+1	-4.7801E+1	-4.4027E+1	-4.4382E+1
6.9617E+3	1.9026E+1	1.7387E+2	1.3130E+0	-4.2163E+1	-4.7734E+1	-4.3083E+1	-4.3411E+1
7.6340E+3	1.9023E+1	1.7325E+2	1.4320E+0	-4.1617E+1	-4.7615E+1	-4.2116E+1	-4.2412E+1
8.3713E+3	1.9019E+1	1.7256E+2	1.5729E+0	-4.0993E+1	-4.7482E+1	-4.1119E+1	-4.1384E+1
9.1798E+3	1.9015E+1	1.7181E+2	1.7395E+0	-4.0294E+1	-4.7314E+1	-4.0096E+1	-4.0326E+1
1.0066E+4	1.9011E+1	1.7099E+2	1.9378E+0	-3.9510E+1	-4.7114E+1	-3.9037E+1	-3.9233E+1
1.1038E+4	1.9006E+1	1.7008E+2	2.1751E+0	-3.8635E+1	-4.6867E+1	-3.7936E+1	-3.8103E+1
1.2104E+4	1.9000E+1	1.6908E+2	2.4607E+0	-3.7665E+1	-4.6530E+1	-3.6787E+1	-3.6935E+1
1.3273E+4	1.8993E+1	1.6797E+2	2.8058E+0	-3.6595E+1	-4.6098E+1	-3.5586E+1	-3.5729E+1
1.4555E+4	1.8985E+1	1.6674E+2	3.2251E+0	-3.5420E+1	-4.5556E+1	-3.4323E+1	-3.4490E+1
1.5961E+4	1.8976E+1	1.6537E+2	3.7377E+0	-3.4137E+1	-4.4847E+1	-3.2979E+1	-3.3233E+1
1.7502E+4	1.8965E+1	1.6384E+2	4.3654E+0	-3.2742E+1	-4.3921E+1	-3.1555E+1	-3.1977E+1
1.9193E+4	1.8952E+1	1.6211E+2	5.1136E+0	-3.1230E+1	-4.2686E+1	-3.0041E+1	-3.0878E+1
2.1046E+4	1.8937E+1	1.6014E+2	5.1023E+0	-2.9598E+1	-4.1011E+1	-2.8455E+1	NaN
2.3079E+4	1.8917E+1	1.5788E+2	6.1919E+0	-2.7859E+1	-3.8773E+1	-2.6853E+1	NaN
2.5308E+4	1.8889E+1	1.5523E+2	6.2195E+0	-2.6043E+1	-3.5970E+1	-2.9475E+1	NaN
2.7752E+4	1.8847E+1	1.5206E+2	6.5620E+0	-2.4220E+1	-3.2829E+1	NaN	NaN
3.0432E+4	1.8774E+1	1.4824E+2	8.1922E+0	-2.2479E+1	-2.9744E+1	NaN	NaN
3.3371E+4	1.8647E+1	1.4358E+2	9.6233E+0	-2.0912E+1	-2.9374E+1	NaN	NaN
3.6594E+4	1.8479E+1	1.3793E+2	1.0864E+1	-1.9280E+1	NaN	NaN	NaN
4.0128E+4	1.8215E+1	1.3094E+2	1.2747E+1	-1.7892E+1	NaN	NaN	NaN
4.4003E+4	1.7813E+1	1.2181E+2	1.4292E+1	-1.6898E+1	NaN	NaN	NaN
4.8253E+4	1.7216E+1	1.1023E+2	1.5137E+1	-1.6399E+1	NaN	NaN	NaN
5.2912E+4	1.6528E+1	9.8553E+1	NaN	NaN	NaN	NaN	NaN
5.8023E+4	1.5835E+1	8.8017E+1	NaN	NaN	NaN	NaN	NaN
6.3626E+4	1.5180E+1	7.8732E+1	NaN	NaN	NaN	NaN	NaN
6.9771E+4	1.4767E+1	7.2643E+1	NaN	NaN	NaN	NaN	NaN
7.6509E+4	1.4441E+1	6.7768E+1	NaN	NaN	NaN	NaN	NaN
8.3898E+4	1.3987E+1	6.2247E+1	NaN	NaN	NaN	NaN	NaN
9.2000E+4	1.3423E+1	5.6111E+1	NaN	NaN	NaN	NaN	NaN
