%	Date:	2010-12-16	Time:	15:03:34
%	Sampling frequency		[Hz]:	204800
%	Generator amplitude		[V]:	2.0000
%	Settle time		[s]:	0.025000
%	Settle cycles:			5
%	Integration time		[s]:	0.025000
%	Integration cycles:			5
% Freq.	Amplitude	Phase	THD	HD 2	HD 3	HD 4	HD 5
% [Hz]	[dB]	[deg]	[%]	[dB ref fund]	[dB ref fund]	[dB ref fund]	[dB ref fund]
1.0000E+1	1.3885E+1	4.5807E+1	3.1087E-2	-8.4227E+1	-7.0880E+1	-8.0676E+1	-8.5762E+1
1.0966E+1	1.4388E+1	4.4231E+1	2.8501E-2	-8.3216E+1	-7.1986E+1	-7.9103E+1	-9.0617E+1
1.2025E+1	1.4862E+1	4.2526E+1	2.8242E-2	-8.0776E+1	-7.2633E+1	-7.7842E+1	-9.3746E+1
1.3186E+1	1.5306E+1	4.0713E+1	2.9543E-2	-7.7960E+1	-7.2838E+1	-7.7200E+1	-9.6763E+1
1.4459E+1	1.5718E+1	3.8814E+1	3.2025E-2	-7.6010E+1	-7.2378E+1	-7.7063E+1	-1.1915E+2
1.5856E+1	1.6098E+1	3.6855E+1	3.5688E-2	-7.4644E+1	-7.1192E+1	-7.7889E+1	-9.1088E+1
1.7387E+1	1.6445E+1	3.4858E+1	3.9381E-2	-7.4683E+1	-6.9658E+1	-8.0538E+1	-8.3946E+1
1.9066E+1	1.6759E+1	3.2848E+1	4.4944E-2	-7.5946E+1	-6.7842E+1	-8.8912E+1	-7.9622E+1
2.0908E+1	1.7041E+1	3.0846E+1	5.3037E-2	-7.9142E+1	-6.6100E+1	-8.9977E+1	-7.6449E+1
2.2927E+1	1.7292E+1	2.8873E+1	6.3613E-2	-8.4252E+1	-6.4536E+1	-7.9619E+1	-7.4193E+1
2.5141E+1	1.7515E+1	2.6948E+1	7.6201E-2	-8.1976E+1	-6.3137E+1	-7.4904E+1	-7.2488E+1
2.7569E+1	1.7710E+1	2.5084E+1	8.9813E-2	-7.6457E+1	-6.1918E+1	-7.2021E+1	-7.1061E+1
3.0231E+1	1.7881E+1	2.3294E+1	1.0526E-1	-7.3049E+1	-6.0689E+1	-7.0319E+1	-6.9499E+1
3.3151E+1	1.8029E+1	2.1585E+1	1.2583E-1	-7.2630E+1	-5.9081E+1	-7.0546E+1	-6.6886E+1
3.6353E+1	1.8156E+1	1.9965E+1	1.5191E-1	-7.4241E+1	-5.7370E+1	-7.2316E+1	-6.4212E+1
3.9863E+1	1.8266E+1	1.8438E+1	1.7738E-1	-7.4970E+1	-5.6031E+1	-7.3334E+1	-6.2409E+1
4.3713E+1	1.8360E+1	1.7006E+1	2.0109E-1	-7.5005E+1	-5.4955E+1	-7.3642E+1	-6.1114E+1
4.7935E+1	1.8441E+1	1.5669E+1	2.2224E-1	-7.4882E+1	-5.4095E+1	-7.3749E+1	-6.0133E+1
5.2564E+1	1.8509E+1	1.4425E+1	2.4174E-1	-7.4638E+1	-5.3369E+1	-7.3667E+1	-5.9344E+1
5.7640E+1	1.8568E+1	1.3272E+1	2.6059E-1	-7.4544E+1	-5.2727E+1	-7.3650E+1	-5.8615E+1
6.3207E+1	1.8618E+1	1.2205E+1	2.7947E-1	-7.4985E+1	-5.2130E+1	-7.3945E+1	-5.7921E+1
6.9311E+1	1.8661E+1	1.1223E+1	2.9482E-1	-7.4915E+1	-5.1673E+1	-7.3384E+1	-5.7422E+1
7.6005E+1	1.8697E+1	1.0319E+1	3.0811E-1	-7.4345E+1	-5.1303E+1	-7.2543E+1	-5.7003E+1
8.3345E+1	1.8728E+1	9.4874E+0	3.2317E-1	-7.5824E+1	-5.0895E+1	-7.3868E+1	-5.6497E+1
9.1394E+1	1.8755E+1	8.7238E+0	3.3940E-1	-7.6859E+1	-5.0485E+1	-7.4756E+1	-5.5983E+1
1.0022E+2	1.8778E+1	8.0246E+0	3.5416E-1	-7.7279E+1	-5.0129E+1	-7.4934E+1	-5.5553E+1
1.0990E+2	1.8799E+1	7.3852E+0	3.6505E-1	-7.6378E+1	-4.9876E+1	-7.4261E+1	-5.5264E+1
1.2051E+2	1.8817E+1	6.8010E+0	3.7265E-1	-7.5285E+1	-4.9699E+1	-7.3235E+1	-5.5098E+1
1.3215E+2	1.8833E+1	6.2671E+0	3.7892E-1	-7.3730E+1	-4.9554E+1	-7.2081E+1	-5.4988E+1
1.4491E+2	1.8848E+1	5.7795E+0	3.8363E-1	-7.2602E+1	-4.9443E+1	-7.1098E+1	-5.4925E+1
1.5891E+2	1.8862E+1	5.3337E+0	3.8728E-1	-7.1386E+1	-4.9361E+1	-7.0015E+1	-5.4892E+1
1.7426E+2	1.8874E+1	4.9263E+0	3.9073E-1	-7.0186E+1	-4.9285E+1	-6.9029E+1	-5.4872E+1
1.9108E+2	1.8886E+1	4.5533E+0	3.9342E-1	-6.9038E+1	-4.9228E+1	-6.8162E+1	-5.4873E+1
2.0954E+2	1.8897E+1	4.2114E+0	3.9559E-1	-6.8143E+1	-4.9183E+1	-6.7373E+1	-5.4890E+1
2.2977E+2	1.8908E+1	3.8975E+0	3.9785E-1	-6.7201E+1	-4.9138E+1	-6.6687E+1	-5.4909E+1
2.5196E+2	1.8918E+1	3.6085E+0	3.9922E-1	-6.6381E+1	-4.9118E+1	-6.5974E+1	-5.4944E+1
2.7630E+2	1.8927E+1	3.3419E+0	4.0053E-1	-6.5617E+1	-4.9098E+1	-6.5369E+1	-5.4990E+1
3.0298E+2	1.8937E+1	3.0952E+0	4.0184E-1	-6.4816E+1	-4.9083E+1	-6.4808E+1	-5.5036E+1
3.3224E+2	1.8945E+1	2.8666E+0	4.0316E-1	-6.4269E+1	-4.9066E+1	-6.4298E+1	-5.5076E+1
3.6433E+2	1.8954E+1	2.6542E+0	4.0423E-1	-6.3615E+1	-4.9062E+1	-6.3812E+1	-5.5117E+1
3.9951E+2	1.8962E+1	2.4565E+0	4.0498E-1	-6.3083E+1	-4.9061E+1	-6.3348E+1	-5.5182E+1
4.3810E+2	1.8969E+1	2.2723E+0	4.0585E-1	-6.2585E+1	-4.9058E+1	-6.2964E+1	-5.5239E+1
4.8040E+2	1.8976E+1	2.1007E+0	4.0685E-1	-6.2206E+1	-4.9054E+1	-6.2610E+1	-5.5276E+1
5.2680E+2	1.8982E+1	1.9407E+0	4.0785E-1	-6.1761E+1	-4.9053E+1	-6.2263E+1	-5.5321E+1
5.7767E+2	1.8987E+1	1.7919E+0	4.0815E-1	-6.1415E+1	-4.9064E+1	-6.1935E+1	-5.5389E+1
6.3346E+2	1.8992E+1	1.6534E+0	4.0909E-1	-6.1134E+1	-4.9060E+1	-6.1681E+1	-5.5423E+1
6.9464E+2	1.8997E+1	1.5248E+0	4.0976E-1	-6.0884E+1	-4.9061E+1	-6.1460E+1	-5.5458E+1
7.6173E+2	1.9001E+1	1.4055E+0	4.1039E-1	-6.0627E+1	-4.9063E+1	-6.1246E+1	-5.5499E+1
8.3529E+2	1.9005E+1	1.2952E+0	4.1096E-1	-6.0435E+1	-4.9064E+1	-6.1077E+1	-5.5529E+1
9.1596E+2	1.9008E+1	1.1933E+0	4.1142E-1	-6.0280E+1	-4.9068E+1	-6.0929E+1	-5.5549E+1
1.0044E+3	1.9011E+1	1.0994E+0	4.1208E-1	-6.0142E+1	-4.9063E+1	-6.0801E+1	-5.5570E+1
1.1014E+3	1.9013E+1	1.0131E+0	4.1248E-1	-6.0040E+1	-4.9064E+1	-6.0687E+1	-5.5585E+1
1.2078E+3	1.9015E+1	9.3394E-1	4.1327E-1	-5.9971E+1	-4.9052E+1	-6.0619E+1	-5.5582E+1
1.3244E+3	1.9017E+1	8.6145E-1	4.1382E-1	-5.9903E+1	-4.9046E+1	-6.0536E+1	-5.5591E+1
1.4523E+3	1.9019E+1	7.9527E-1	4.1424E-1	-5.9854E+1	-4.9041E+1	-6.0466E+1	-5.5599E+1
1.5926E+3	1.9020E+1	7.3501E-1	4.1487E-1	-5.9825E+1	-4.9029E+1	-6.0412E+1	-5.5596E+1
1.7464E+3	1.9021E+1	6.8032E-1	4.1531E-1	-5.9806E+1	-4.9023E+1	-6.0371E+1	-5.5590E+1
1.9151E+3	1.9022E+1	6.3093E-1	4.1590E-1	-5.9819E+1	-4.9009E+1	-6.0353E+1	-5.5577E+1
2.1000E+3	1.9023E+1	5.8636E-1	4.1656E-1	-5.9837E+1	-4.8993E+1	-6.0338E+1	-5.5561E+1
2.3028E+3	1.9024E+1	5.4638E-1	4.1727E-1	-5.9864E+1	-4.8977E+1	-6.0327E+1	-5.5533E+1
2.5252E+3	1.9025E+1	5.1056E-1	4.1774E-1	-5.9874E+1	-4.8968E+1	-6.0289E+1	-5.5526E+1
2.7691E+3	1.9025E+1	4.7887E-1	4.1871E-1	-5.9929E+1	-4.8942E+1	-6.0309E+1	-5.5488E+1
3.0365E+3	1.9026E+1	4.5110E-1	4.1939E-1	-5.9969E+1	-4.8927E+1	-6.0301E+1	-5.5460E+1
3.3297E+3	1.9027E+1	4.2694E-1	4.2035E-1	-6.0019E+1	-4.8904E+1	-6.0299E+1	-5.5420E+1
3.6513E+3	1.9027E+1	4.0630E-1	4.2137E-1	-6.0044E+1	-4.8880E+1	-6.0305E+1	-5.5388E+1
4.0039E+3	1.9028E+1	3.8907E-1	4.2271E-1	-6.0100E+1	-4.8849E+1	-6.0323E+1	-5.5332E+1
4.3906E+3	1.9028E+1	3.7522E-1	4.2396E-1	-6.0089E+1	-4.8824E+1	-6.0322E+1	-5.5296E+1
4.8146E+3	1.9029E+1	3.6468E-1	4.2562E-1	-6.0071E+1	-4.8791E+1	-6.0336E+1	-5.5234E+1
5.2796E+3	1.9029E+1	3.5742E-1	4.2771E-1	-6.0027E+1	-4.8751E+1	-6.0354E+1	-5.5164E+1
5.7895E+3	1.9030E+1	3.5342E-1	4.2966E-1	-5.9903E+1	-4.8720E+1	-6.0344E+1	-5.5106E+1
6.3486E+3	1.9031E+1	3.5273E-1	4.3219E-1	-5.9720E+1	-4.8683E+1	-6.0326E+1	-5.5029E+1
6.9617E+3	1.9032E+1	3.5536E-1	4.3514E-1	-5.9478E+1	-4.8641E+1	-6.0277E+1	-5.4954E+1
7.6340E+3	1.9034E+1	3.6145E-1	4.3830E-1	-5.9150E+1	-4.8605E+1	-6.0223E+1	-5.4871E+1
8.3713E+3	1.9035E+1	3.7092E-1	4.4151E-1	-5.8753E+1	-4.8576E+1	-6.0100E+1	-5.4813E+1
9.1798E+3	1.9038E+1	3.8381E-1	4.4485E-1	-5.8276E+1	-4.8553E+1	-5.9950E+1	-5.4767E+1
1.0066E+4	1.9040E+1	4.0013E-1	4.4769E-1	-5.7766E+1	-4.8548E+1	-5.9775E+1	-5.4752E+1
1.1038E+4	1.9044E+1	4.1995E-1	4.4954E-1	-5.7223E+1	-4.8568E+1	-5.9572E+1	-5.4810E+1
1.2104E+4	1.9048E+1	4.4289E-1	4.5058E-1	-5.6629E+1	-4.8624E+1	-5.9335E+1	-5.4900E+1
1.3273E+4	1.9053E+1	4.6884E-1	4.5156E-1	-5.6018E+1	-4.8710E+1	-5.9058E+1	-5.4964E+1
1.4555E+4	1.9060E+1	4.9726E-1	4.5445E-1	-5.5386E+1	-4.8814E+1	-5.8680E+1	-5.4862E+1
1.5961E+4	1.9068E+1	5.2762E-1	4.6215E-1	-5.4718E+1	-4.8878E+1	-5.8153E+1	-5.4550E+1
1.7502E+4	1.9077E+1	5.5929E-1	4.7553E-1	-5.4011E+1	-4.8856E+1	-5.7448E+1	-5.4171E+1
1.9193E+4	1.9089E+1	5.9148E-1	4.9405E-1	-5.3264E+1	-4.8674E+1	-5.6664E+1	-5.4016E+1
2.1046E+4	1.9102E+1	6.2313E-1	4.7866E-1	-5.2483E+1	-4.8327E+1	-5.5907E+1	NaN
2.3079E+4	1.9118E+1	6.5281E-1	5.1165E-1	-5.1691E+1	-4.7840E+1	-5.5287E+1	NaN
2.5308E+4	1.9136E+1	6.7888E-1	5.2988E-1	-5.0888E+1	-4.7287E+1	-5.9036E+1	NaN
2.7752E+4	1.9157E+1	6.9956E-1	5.5408E-1	-5.0087E+1	-4.6799E+1	NaN	NaN
3.0432E+4	1.9181E+1	7.1263E-1	5.8476E-1	-4.9296E+1	-4.6491E+1	NaN	NaN
3.3371E+4	1.9208E+1	7.1603E-1	5.2492E-1	-4.8491E+1	-4.8730E+1	NaN	NaN
3.6594E+4	1.9238E+1	7.0739E-1	4.0875E-1	-4.7771E+1	NaN	NaN	NaN
4.0128E+4	1.9274E+1	6.8278E-1	4.4348E-1	-4.7062E+1	NaN	NaN	NaN
4.4003E+4	1.9313E+1	6.3691E-1	4.7799E-1	-4.6412E+1	NaN	NaN	NaN
4.8253E+4	1.9357E+1	5.6401E-1	5.0277E-1	-4.5973E+1	NaN	NaN	NaN
5.2912E+4	1.9403E+1	4.4336E-1	NaN	NaN	NaN	NaN	NaN
5.8023E+4	1.9452E+1	2.6958E-1	NaN	NaN	NaN	NaN	NaN
6.3626E+4	1.9507E+1	4.5144E-2	NaN	NaN	NaN	NaN	NaN
6.9771E+4	1.9557E+1	-2.0828E-1	NaN	NaN	NaN	NaN	NaN
7.6509E+4	1.9582E+1	-4.3737E-1	NaN	NaN	NaN	NaN	NaN
8.3898E+4	1.9619E+1	-7.0333E-1	NaN	NaN	NaN	NaN	NaN
9.2000E+4	1.9666E+1	-1.0593E+0	NaN	NaN	NaN	NaN	NaN
